145
NM_022685_2_Rattus_norvegicus_RRAD_and_GEM_like_GTPase_2_Rem2_mRNA_1                                                              0.0000000 0.0794861 0.1924963 0.1793119 0.2300222 0.2163291 0.2059332 0.5853209 0.1843209 0.1494567 0.1896864 0.2090828 0.2059332 0.2542043 0.2410492 0.9016009 0.1718012 0.1043384 0.6129745 0.2300222 0.1793119 0.2059332 0.2028846 0.2477869 0.2300222 0.2059332 0.1869625 0.3518724 0.1869625 0.2028846 0.2196252 0.2517371 0.3233057 0.1595058 0.2131365 0.2320147 0.3384247 0.2163291 0.1595058 0.1355772 0.2131365 0.0901633 0.1374119 3.8556044 0.2770004 0.1678343 0.1703015 0.1742290 0.3290611 0.3953948 0.2163291 0.1494567 0.2477869 0.2163291 0.2265823 0.1494567 0.2827667 0.4214396 0.2196252 0.2335762 0.1843209 0.1843209 0.2131365 0.1012979 0.2196252 0.1595058 0.2163291 0.1678343 0.2163291 0.2196252 0.2300222 0.2028846 0.1767316 0.2196252 0.2265823 0.2477869 0.2028846 0.2664973 0.2664973 0.1110748 0.2517371 2.3871398 0.0763263 0.0697342 0.1516019 0.1742290 0.1869625 0.1869625 2.9977762 2.4677924 0.2300222 0.1999307 0.2131365 0.1999307 0.7342253 0.2265823 0.2439667 0.0688832 0.1494567 0.2300222 0.1742290 0.0688832 0.2059332 0.2028846 0.1896864 0.1742290 0.0000010 0.2225241 0.0697342 0.1896864 0.1896864 0.1374119 0.2622608 0.5648929 0.2131365 0.2622608 0.2300222 0.2439667 0.2174627 0.2622608 0.0688832 1.4055820 0.2028846 0.2300222 0.2509648 0.0901633 0.2477869 0.2372497 0.2335762 0.2477869 0.2335762 0.5706380 0.6874545 0.1617279 0.2439667 0.1869625 0.2196252 0.0794861 0.2477869 0.3677210 0.2410492 0.1536890 0.1170732 0.6411992 0.0815073 
NM_080726_3_Mus_musculus_rad_and_gem_related_GTP_binding_protein_2_Rem2_mRNA_1                                                    0.0794861 0.0000000 0.1617279 0.1494567 0.1970673 0.1970673 0.1999307 0.5975202 0.1552507 0.1223311 0.1595058 0.1896864 0.1742290 0.2200216 0.2196252 0.8852635 0.1435528 0.0481734 0.5975202 0.2232505 0.1494567 0.1999307 0.1718012 0.1999307 0.2100430 0.1742290 0.1573474 0.3205383 0.1573474 0.1718012 0.1999307 0.1896864 0.2888516 0.1320593 0.1817576 0.1970220 0.2921760 0.1355772 0.1096754 0.0880778 0.1817576 0.0873469 0.1110748 3.4666129 0.2683855 0.1912398 0.1940851 0.1454647 0.2558245 0.3459972 0.1843209 0.1337935 0.1999307 0.1843209 0.1942900 0.1223311 0.2827667 0.3836535 0.2131365 0.2265823 0.1552507 0.1552507 0.1573474 0.0775671 0.1869625 0.1096754 0.1970673 0.1912398 0.1843209 0.1869625 0.1970673 0.1970673 0.1718012 0.1617279 0.1942900 0.2402707 0.1718012 0.2439667 0.2300222 0.1000218 0.2300222 2.0581805 0.0235287 0.0280903 0.1168978 0.1454647 0.1573474 0.1573474 2.5925678 2.3211035 0.1970673 0.1694442 0.1817576 0.1694442 0.6706646 0.1942900 0.2100430 0.0277751 0.1337935 0.1970673 0.1454647 0.0277751 0.1742290 0.1718012 0.1595058 0.1694442 0.0794861 0.2458257 0.0280903 0.1595058 0.1595058 0.1110748 0.2265823 0.5387968 0.1817576 0.2265823 0.1970673 0.2100430 0.1835347 0.2265823 0.0672445 1.1269976 0.1718012 0.2100430 0.2000556 0.0873469 0.2131365 0.1767316 0.2131365 0.1999307 0.2131365 0.5566086 0.6545509 0.1573474 0.2100430 0.1573474 0.1742290 0.0775671 0.1999307 0.3298545 0.2196252 0.1494567 0.0804835 0.6249604 0.0584778 
NM_173527_3_Homo_sapiens_RRAD_and_GEM_like_GTPase_2_REM2_mRNA_1                                                                   0.1924963 0.1617279 0.0000000 0.0090908 0.1255910 0.1494567 0.0277751 0.4813385 0.0914404 0.1039552 0.0378055 0.0185532 0.0183481 0.1155094 0.1308415 0.7504664 0.1494567 0.1464094 0.5310026 0.1374119 0.0090908 0.0277751 0.0280903 0.1125130 0.1374119 0.0090908 0.0815073 0.1752318 0.0688832 0.0914404 0.1239385 0.1847237 0.1738385 0.1374119 0.2726201 0.1359264 0.1696816 0.0804835 0.1255910 0.1617279 0.2028846 0.1616840 0.1272909 3.2336947 0.1125130 0.0856521 0.0732032 0.0794861 0.2301976 0.3013632 0.0891692 0.2028846 0.1125130 0.1053397 0.0926210 0.1039552 0.1706204 0.2039304 0.0373750 0.0926210 0.0914404 0.0804835 0.1012979 0.1617279 0.0183481 0.1255910 0.1494567 0.0856521 0.0891692 0.0183481 0.0477022 0.1026085 0.0914404 0.1515414 0.2028846 0.1515414 0.0477022 0.1290404 0.1255910 0.1272909 0.1536890 1.9148581 0.1773117 0.1474321 0.1805115 0.0794861 0.0902900 0.0815073 3.1476477 1.8249038 0.1255910 0.0688832 0.2028846 0.0688832 0.5515618 0.2028846 0.1139909 0.1742290 0.2028846 0.1000218 0.0926210 0.1494567 0.0090908 0.0477022 0.0804835 0.0584778 0.1924963 0.1263277 0.1767316 0.0914404 0.0914404 0.2028846 0.1393002 0.5265706 0.0815073 0.1393002 0.1026085 0.1374119 0.1198491 0.1393002 0.1494567 0.9555321 0.1000218 0.1374119 0.1809993 0.1616840 0.1393002 0.1663771 0.1393002 0.1125130 0.1393002 0.4939069 0.5631422 0.0688832 0.1139909 0.0902900 0.1272909 0.1617279 0.1125130 0.2083876 0.1308415 0.2090828 0.1953978 0.5310026 0.1617279 
XM_009427474_3_PREDICTED_Pan_troglodytes_RRAD_and_GEM_like_GTPase_2_REM2_transcript_variant_X1_mRNA_1                             0.1793119 0.1494567 0.0090908 0.0000000 0.1139909 0.1374119 0.0373750 0.4813385 0.0804835 0.0926210 0.0477022 0.0280903 0.0277751 0.1272909 0.1186815 0.7504664 0.1374119 0.1314826 0.5310026 0.1255910 0.0000010 0.0373750 0.0378055 0.1012979 0.1494567 0.0183481 0.0926210 0.1900225 0.0794861 0.0804835 0.1125130 0.1847237 0.1572039 0.1255910 0.2581651 0.1232674 0.1839033 0.0697342 0.1139909 0.1494567 0.1896864 0.1464094 0.1155094 3.2336947 0.1239385 0.0741674 0.0621091 0.0902900 0.2157018 0.2850159 0.0785140 0.1896864 0.1012979 0.1170732 0.1039552 0.0926210 0.1543492 0.2202049 0.0471519 0.1039552 0.0804835 0.0914404 0.0902900 0.1494567 0.0277751 0.1139909 0.1374119 0.0741674 0.0785140 0.0277751 0.0577837 0.0914404 0.0804835 0.1393002 0.1896864 0.1393002 0.0577837 0.1170732 0.1139909 0.1155094 0.1663771 1.8398669 0.1616840 0.1355772 0.1645502 0.0902900 0.0794861 0.0926210 3.1476477 1.8249038 0.1139909 0.0794861 0.1896864 0.0794861 0.5515618 0.1896864 0.1026085 0.1617279 0.1896864 0.0891692 0.0815073 0.1374119 0.0183481 0.0378055 0.0697342 0.0482665 0.1793119 0.1136213 0.1640175 0.1026085 0.1026085 0.1896864 0.1272909 0.5265706 0.0926210 0.1272909 0.0914404 0.1255910 0.1078396 0.1515414 0.1374119 0.9555321 0.0891692 0.1494567 0.1809993 0.1464094 0.1272909 0.1536890 0.1515414 0.1012979 0.1515414 0.4939069 0.5631422 0.0794861 0.1026085 0.0794861 0.1155094 0.1494567 0.1012979 0.1908981 0.1186815 0.1953978 0.1819748 0.5310026 0.1494567 
XM_005623217_4_PREDICTED_Canis_lupus_familiaris_RRAD_and_GEM_like_GTPase_2_REM2_transcript_variant_X1_mRNA_1                      0.2300222 0.1970673 0.1255910 0.1139909 0.0000000 0.1355772 0.1139909 0.5706380 0.0688832 0.0804835 0.1125130 0.1515414 0.1374119 0.1374119 0.1793119 0.7644055 0.1239385 0.1489581 0.5442992 0.1012979 0.1139909 0.1139909 0.1012979 0.0804835 0.1474321 0.1374119 0.1026085 0.2205990 0.0577837 0.0794861 0.1255910 0.1559023 0.1543492 0.1125130 0.2402707 0.0987171 0.2284102 0.0902900 0.1355772 0.1718012 0.2131365 0.1645502 0.1255910 3.4666129 0.1494567 0.0960647 0.0947936 0.0577837 0.2961317 0.3238387 0.1012979 0.2131365 0.0804835 0.1272909 0.1139909 0.0804835 0.1409867 0.2637714 0.1255910 0.1494567 0.0688832 0.1595058 0.0477022 0.1474321 0.1255910 0.1355772 0.1355772 0.0960647 0.1012979 0.1255910 0.1239385 0.0794861 0.0794861 0.1536890 0.1999307 0.1663771 0.1239385 0.1272909 0.1640175 0.1255910 0.1515414 2.0581805 0.2135634 0.1742290 0.1675264 0.0577837 0.0785140 0.1026085 2.9977762 2.4677924 0.0000010 0.0577837 0.2131365 0.0577837 0.5149823 0.1999307 0.1272909 0.1843209 0.2131365 0.0688832 0.0914404 0.1595058 0.1374119 0.1012979 0.0688832 0.0680532 0.2300222 0.1169944 0.1869625 0.0688832 0.0688832 0.2131365 0.1536890 0.5631422 0.1026085 0.0804835 0.1155094 0.1515414 0.0732031 0.1255910 0.1595058 1.0726466 0.0482665 0.1474321 0.1644949 0.1645502 0.0091909 0.1688100 0.1374119 0.0804835 0.1374119 0.5059155 0.6020544 0.0891692 0.1272909 0.0488446 0.1412445 0.1718012 0.0804835 0.1872962 0.1793119 0.2335762 0.2059332 0.5706380 0.1474321 
NM_001192708_1_Bos_taurus_RRAD_and_GEM_like_GTPase_2_REM2_mRNA_2                                                                  0.2163291 0.1970673 0.1494567 0.1374119 0.1355772 0.0000000 0.1617279 0.6581741 0.1125130 0.1026085 0.1239385 0.1767316 0.1617279 0.1255910 0.1793119 0.8585183 0.1474321 0.1489581 0.6878116 0.1355772 0.1374119 0.1617279 0.1355772 0.1374119 0.0090908 0.1617279 0.1026085 0.1984295 0.0891692 0.0902900 0.1255910 0.1819748 0.2309354 0.1355772 0.2683855 0.1620267 0.2438713 0.1239385 0.1595058 0.1718012 0.2683855 0.1645502 0.1494567 3.8062762 0.1869625 0.1078397 0.0947936 0.1110748 0.2961317 0.2900839 0.0902900 0.1869625 0.1374119 0.1515414 0.1374119 0.0804835 0.1516019 0.3197016 0.1742290 0.1869625 0.1125130 0.1843209 0.1223311 0.1474321 0.1742290 0.1595058 0.0000010 0.1078397 0.0902900 0.1742290 0.1595058 0.1125130 0.1125130 0.1924963 0.2542043 0.1536890 0.1355772 0.1640175 0.1515414 0.1374119 0.0382459 2.0581805 0.2135634 0.1869625 0.1675264 0.1110748 0.1110748 0.1026085 2.1854772 2.2840020 0.1355772 0.1110748 0.2683855 0.1110748 0.7049480 0.2542043 0.1393002 0.1843209 0.1869625 0.1125130 0.0914404 0.1595058 0.1617279 0.1125130 0.1012979 0.1000218 0.2163291 0.1169944 0.1869625 0.1239385 0.1239385 0.2131365 0.1663771 0.6984317 0.1255910 0.1374119 0.1272909 0.1393002 0.1445857 0.1617279 0.1595058 1.2133045 0.1125130 0.0090908 0.1488446 0.1645502 0.1494567 0.2090828 0.0280903 0.1374119 0.0280903 0.6411992 0.7159672 0.1223311 0.1393002 0.1026085 0.1793119 0.1718012 0.1374119 0.2309354 0.1793119 0.2335762 0.2059332 0.6581741 0.1595058 
XM_001100692_4_PREDICTED_Macaca_mulatta_RRAD_and_GEM_like_GTPase_2_REM2_mRNA_1                                                    0.2059332 0.1999307 0.0277751 0.0373750 0.1139909 0.1617279 0.0000000 0.4572653 0.1026085 0.1155094 0.0680532 0.0280903 0.0277751 0.1272909 0.1186815 0.6746311 0.1374119 0.1464094 0.5059155 0.1255910 0.0373750 0.0000010 0.0378055 0.1239385 0.1494567 0.0373750 0.0926210 0.1752318 0.0794861 0.1026085 0.1125130 0.1713220 0.1572039 0.1255910 0.2873342 0.1359264 0.1557606 0.1139909 0.1374119 0.1742290 0.2163291 0.1616840 0.1155094 3.0569712 0.1012979 0.0973719 0.0845205 0.0902900 0.2014913 0.2850159 0.1000218 0.2163291 0.1239385 0.1170732 0.1039552 0.1155094 0.1706204 0.1724573 0.0090908 0.0815073 0.1026085 0.0914404 0.1125130 0.1742290 0.0090908 0.1374119 0.1617279 0.0973719 0.1000218 0.0090908 0.0577837 0.0914404 0.0804835 0.1767316 0.2163291 0.1640175 0.0577837 0.1536890 0.1617279 0.1393002 0.1663771 1.8398669 0.1773117 0.1595058 0.1805115 0.0902900 0.1012979 0.0926210 3.4295741 1.8249038 0.1139909 0.0794861 0.2163291 0.0794861 0.5029789 0.2163291 0.1255910 0.1869625 0.2163291 0.1110748 0.1039552 0.1617279 0.0183481 0.0577837 0.0914404 0.0688832 0.2059332 0.1263277 0.1896864 0.1026085 0.1026085 0.2163291 0.1515414 0.5033150 0.0926210 0.1515414 0.1139909 0.1494567 0.1198491 0.1272909 0.1617279 0.9555321 0.1110748 0.1494567 0.1809993 0.1616840 0.1272909 0.1924963 0.1515414 0.1239385 0.1515414 0.4700094 0.5387968 0.0584778 0.1255910 0.1012979 0.1272909 0.1742290 0.1239385 0.1908981 0.1186815 0.1953978 0.2090828 0.5059155 0.1742290 
XM_007479801_2_PREDICTED_Monodelphis_domestica_RAS_RAD_and_GEM_like_GTP_binding_2_REM2_mRNA_1                                     0.5853209 0.5975202 0.4813385 0.4813385 0.5706380 0.6581741 0.4572653 0.0000000 0.5706380 0.5310026 0.5442992 0.4572653 0.4813385 0.6700145 0.7138208 0.5699774 0.6249604 0.6287527 0.1450769 0.5454796 0.4813385 0.4572653 0.5706380 0.6249604 0.6581741 0.5059155 0.6411992 0.8217519 0.5582231 0.6006901 0.5582231 0.5706380 0.9066520 0.5975202 0.7917082 0.6692824 0.7630154 0.6581741 0.5706380 0.6529771 0.6994436 0.6664002 0.5582231 1.8417950 0.5059155 0.5442992 0.5582231 0.5582231 0.6822279 0.9329432 0.6249604 0.6700145 0.6249604 0.6700145 0.6411992 0.5853209 0.8283617 0.8303619 0.4813385 0.5582231 0.5706380 0.4932079 0.6129745 0.6529771 0.4813385 0.6249604 0.6581741 0.5442992 0.6249604 0.4813385 0.5442992 0.5728076 0.5454796 0.5827447 0.6994436 0.6700145 0.6249604 0.6637355 0.7180782 0.6129745 0.7578095 3.6991421 0.5921012 0.5310026 0.8137361 0.5582231 0.6411992 0.6411992 8.9999983 2.0175126 0.5706380 0.5853209 0.6994436 0.5853209 0.1473776 0.6994436 0.6529771 0.5975202 0.6700145 0.5975202 0.6411992 0.5975202 0.4572653 0.5975202 0.6291398 0.5582231 0.5853209 0.6358074 0.5853209 0.6006901 0.6006901 0.7295138 0.6994436 0.1615684 0.6411992 0.6759153 0.6529771 0.6529771 0.6386721 0.5454796 0.5975202 0.7661568 0.5442992 0.6581741 0.5924378 0.6664002 0.6129745 0.6249604 0.7063976 0.6249604 0.7063976 0.1035597 0.0418476 0.5056496 0.6529771 0.5310026 0.5310026 0.6249604 0.6249604 0.8132584 0.7138208 0.7375238 0.6878116 0.1314521 0.6878116 
XM_023622024_1_PREDICTED_Equus_caballus_RRAD_and_GEM_like_GTPase_2_REM2_transcript_variant_X1_mRNA_1                              0.1843209 0.1552507 0.0914404 0.0804835 0.0688832 0.1125130 0.1026085 0.5706380 0.0000000 0.0477022 0.0902900 0.1155094 0.1026085 0.0891692 0.1290404 0.7263110 0.0880778 0.1150056 0.5706380 0.0902900 0.0804835 0.1026085 0.0794861 0.0591891 0.1239385 0.1026085 0.0577837 0.1900225 0.0378055 0.0482665 0.1026085 0.1393002 0.1601747 0.0775671 0.2200216 0.0845203 0.1984295 0.0482665 0.0987797 0.1435528 0.1454647 0.1293153 0.0891692 3.2724421 0.1139909 0.0499772 0.0505977 0.0477022 0.2265543 0.2644413 0.0688832 0.1694442 0.0591891 0.0794861 0.0680532 0.0477022 0.1251796 0.2202049 0.1139909 0.1139909 0.0000010 0.1207677 0.0378055 0.1096754 0.1139909 0.0987797 0.1125130 0.0499772 0.0688832 0.1139909 0.1012979 0.0902900 0.0688832 0.1255910 0.1337935 0.1374119 0.1012979 0.1393002 0.1272909 0.0891692 0.1393002 2.0581805 0.1742313 0.1454647 0.1168978 0.0477022 0.0378055 0.0577837 2.5925678 2.1509391 0.0688832 0.0280903 0.1454647 0.0280903 0.5905747 0.1337935 0.0902900 0.1435528 0.1694442 0.0482665 0.0477022 0.1207677 0.1026085 0.0794861 0.0284126 0.0280903 0.1843209 0.1041253 0.1454647 0.0584778 0.0584778 0.1694442 0.1026085 0.6132739 0.0577837 0.0914404 0.0794861 0.1125130 0.0732031 0.1255910 0.1207677 1.0203506 0.0482665 0.1239385 0.1596362 0.1293153 0.0804835 0.1393002 0.1255910 0.0591891 0.1255910 0.5566086 0.6020544 0.0785140 0.0902900 0.0378055 0.1374119 0.1320593 0.0591891 0.1946520 0.1290404 0.1999307 0.1617279 0.5975202 0.1474321 
XM_051822640_1_PREDICTED_Oryctolagus_cuniculus_RRAD_and_GEM_like_GTPase_2_LOC100344089_mRNA_1                                     0.1494567 0.1223311 0.1039552 0.0926210 0.0804835 0.1026085 0.1155094 0.5310026 0.0477022 0.0000000 0.0804835 0.1290404 0.1155094 0.1012979 0.1432472 0.7401908 0.0577837 0.0887310 0.4813385 0.1026085 0.0926210 0.1155094 0.0914404 0.0926210 0.1139909 0.1155094 0.0688832 0.2086877 0.0482665 0.0591891 0.1155094 0.0804835 0.1632680 0.0477022 0.1843209 0.0856520 0.2168649 0.0804835 0.0680532 0.1110748 0.1595058 0.1026493 0.0584778 3.4245169 0.1355772 0.0722646 0.0732032 0.0584778 0.2449816 0.2532747 0.0804835 0.1355772 0.0926210 0.0697342 0.0688832 0.0382459 0.1274480 0.2587108 0.1272909 0.1125130 0.0477022 0.1110748 0.0688832 0.0785140 0.1272909 0.0680532 0.1026085 0.0722646 0.0804835 0.1272909 0.1139909 0.0804835 0.0591891 0.0926210 0.1474321 0.1272909 0.1139909 0.1290404 0.1412445 0.0584778 0.1290404 2.3091341 0.1464094 0.1125130 0.1043384 0.0584778 0.0482665 0.0688832 2.2206172 2.2840020 0.0804835 0.0584778 0.1595058 0.0584778 0.5270360 0.1474321 0.1026085 0.1110748 0.1355772 0.0804835 0.0584778 0.0891692 0.1155094 0.0914404 0.0591891 0.0584778 0.1494567 0.1187612 0.1125130 0.0697342 0.0697342 0.1355772 0.1155094 0.5033150 0.0688832 0.1039552 0.0914404 0.1255910 0.0741674 0.1393002 0.0891692 1.0344807 0.0591891 0.1139909 0.0960646 0.1026493 0.0926210 0.1053397 0.1155094 0.0926210 0.1155094 0.4700094 0.5879637 0.0688832 0.1026085 0.0482665 0.1039552 0.1000218 0.0926210 0.1985680 0.1432472 0.1640175 0.1272909 0.5310026 0.1139909 
XM_035260095_1_PREDICTED_Callithrix_jacchus_RRAD_and_GEM_like_GTPase_2_REM2_transcript_variant_X1_mRNA_1                          0.1896864 0.1595058 0.0378055 0.0477022 0.1125130 0.1239385 0.0680532 0.5442992 0.0902900 0.0804835 0.0000000 0.0584778 0.0477022 0.1139909 0.1290404 0.8303619 0.1239385 0.1464094 0.5975202 0.1125130 0.0477022 0.0680532 0.0277751 0.1255910 0.1125130 0.0477022 0.0804835 0.1724088 0.0477022 0.0902900 0.1000218 0.1688100 0.1738385 0.1125130 0.2402707 0.1339825 0.1952461 0.0794861 0.1012979 0.1355772 0.1999307 0.1616840 0.1255910 3.4245169 0.1110748 0.0845205 0.0722646 0.0577837 0.2558245 0.2490542 0.0880778 0.1742290 0.1255910 0.1039552 0.0914404 0.0804835 0.1706204 0.2587108 0.0785140 0.1139909 0.0902900 0.0794861 0.1000218 0.1125130 0.0577837 0.1012979 0.1239385 0.0845205 0.0880778 0.0577837 0.0471519 0.0902900 0.0688832 0.1412445 0.1999307 0.1255910 0.0471519 0.1155094 0.1239385 0.1255910 0.1272909 1.9313115 0.1773117 0.1742290 0.1645502 0.0577837 0.0891692 0.0804835 2.7159387 2.1169810 0.1125130 0.0680532 0.1999307 0.0680532 0.6167543 0.1999307 0.1125130 0.1718012 0.1742290 0.1125130 0.0914404 0.1474321 0.0477022 0.0471519 0.0794861 0.0577837 0.1896864 0.1413991 0.1742290 0.0688832 0.0688832 0.1742290 0.1374119 0.5879637 0.0804835 0.1255910 0.1012979 0.1355772 0.1182131 0.1255910 0.1239385 1.0583747 0.0902900 0.1125130 0.1644949 0.1616840 0.1255910 0.1559023 0.1139909 0.1255910 0.1139909 0.5566086 0.6280446 0.0477022 0.1125130 0.0804835 0.1536890 0.1355772 0.1255910 0.2083876 0.1290404 0.1663771 0.1663771 0.6249604 0.1474321 
XM_002824566_3_PREDICTED_Pongo_abelii_RRAD_and_GEM_like_GTPase_2_REM2_mRNA_1                                                      0.2090828 0.1896864 0.0185532 0.0280903 0.1515414 0.1767316 0.0280903 0.4572653 0.1155094 0.1290404 0.0584778 0.0000000 0.0185532 0.1412445 0.1326974 0.7504664 0.1515414 0.1645502 0.5059155 0.1393002 0.0280903 0.0280903 0.0482665 0.1374119 0.1640175 0.0280903 0.1053397 0.1932496 0.0914404 0.1155094 0.1255910 0.2157018 0.1946520 0.1393002 0.3072880 0.1510760 0.1869091 0.1039552 0.1272909 0.1896864 0.1924963 0.1645502 0.1290404 3.5861164 0.1139909 0.1108666 0.0973719 0.1026085 0.2339691 0.3067948 0.1125130 0.2335762 0.1374119 0.1308415 0.1170732 0.1290404 0.1908981 0.2242841 0.0378055 0.0938360 0.1155094 0.0815073 0.1255910 0.1896864 0.0185532 0.1272909 0.1767316 0.1108666 0.1125130 0.0185532 0.0688832 0.1039552 0.0926210 0.1663771 0.1924963 0.1793119 0.0688832 0.1559023 0.1515414 0.1536890 0.1819748 1.9148581 0.1968475 0.1742290 0.2005394 0.1026085 0.1139909 0.1053397 4.0281812 2.0835831 0.1515414 0.0914404 0.1924963 0.0914404 0.5270360 0.1924963 0.1393002 0.2028846 0.2335762 0.1239385 0.1170732 0.1767316 0.0091909 0.0688832 0.1039552 0.0804835 0.2090828 0.1413991 0.2059332 0.1155094 0.1155094 0.2335762 0.1663771 0.5033150 0.1053397 0.1663771 0.1272909 0.1640175 0.1339825 0.1412445 0.1640175 0.9555321 0.1239385 0.1640175 0.2132640 0.1645502 0.1663771 0.1819748 0.1663771 0.1374119 0.1663771 0.4700094 0.5387968 0.0697342 0.1393002 0.1139909 0.1412445 0.1767316 0.1374119 0.2309354 0.1326974 0.2123369 0.2059332 0.5059155 0.1896864 
XM_003260595_2_PREDICTED_Nomascus_leucogenys_RRAD_and_GEM_like_GTPase_2_REM2_mRNA_1                                               0.2059332 0.1742290 0.0183481 0.0277751 0.1374119 0.1617279 0.0277751 0.4813385 0.1026085 0.1155094 0.0477022 0.0185532 0.0000000 0.1272909 0.1186815 0.7504664 0.1374119 0.1464094 0.4813385 0.1255910 0.0277751 0.0277751 0.0378055 0.1125130 0.1494567 0.0277751 0.0926210 0.1752318 0.0794861 0.1026085 0.1125130 0.1983943 0.1738385 0.1255910 0.2873342 0.1359264 0.1696816 0.0914404 0.1139909 0.1742290 0.1896864 0.1616840 0.1155094 3.2336947 0.1012979 0.0973719 0.0845205 0.0902900 0.2157018 0.2850159 0.1000218 0.2163291 0.1125130 0.1170732 0.1039552 0.1155094 0.1706204 0.1880161 0.0373750 0.0815073 0.1026085 0.0697342 0.1125130 0.1742290 0.0183481 0.1139909 0.1617279 0.0973719 0.1000218 0.0183481 0.0577837 0.0914404 0.0804835 0.1393002 0.1896864 0.1640175 0.0577837 0.1412445 0.1374119 0.1393002 0.1663771 1.9148581 0.1773117 0.1718012 0.1805115 0.0902900 0.1012979 0.0926210 3.4295741 1.8249038 0.1374119 0.0794861 0.1896864 0.0794861 0.5515618 0.1896864 0.1255910 0.1869625 0.2163291 0.1000218 0.1039552 0.1617279 0.0090908 0.0577837 0.0914404 0.0688832 0.2059332 0.1136213 0.1896864 0.1026085 0.1026085 0.2163291 0.1515414 0.5265706 0.0926210 0.1515414 0.1139909 0.1494567 0.1198491 0.1272909 0.1617279 0.9555321 0.1000218 0.1494567 0.1952461 0.1616840 0.1515414 0.1536890 0.1515414 0.1125130 0.1515414 0.4939069 0.5631422 0.0584778 0.1255910 0.0902900 0.1393002 0.1742290 0.1125130 0.2083876 0.1186815 0.1953978 0.2090828 0.5310026 0.1742290 
XM_021099265_1_PREDICTED_Sus_scrofa_RRAD_and_GEM_like_GTPase_2_REM2_transcript_variant_X1_mRNA_1                                  0.2542043 0.2200216 0.1155094 0.1272909 0.1374119 0.1255910 0.1272909 0.6700145 0.0891692 0.1012979 0.1139909 0.1412445 0.1272909 0.0000000 0.1819748 0.8303619 0.1454647 0.1932976 0.6700145 0.1139909 0.1272909 0.1272909 0.1026085 0.1039552 0.1139909 0.1272909 0.0688832 0.2244742 0.0794861 0.0914404 0.1515414 0.1663771 0.2357647 0.1337935 0.2642883 0.1339825 0.2168649 0.1139909 0.1573474 0.1817576 0.2642883 0.2096469 0.1474321 2.8025736 0.1640175 0.0947936 0.1078397 0.0902900 0.3070527 0.3013632 0.1139909 0.2366922 0.1039552 0.0914404 0.0794861 0.1012979 0.1771908 0.2413047 0.1393002 0.1393002 0.0891692 0.1573474 0.1012979 0.1694442 0.1393002 0.1573474 0.1255910 0.0947936 0.1139909 0.1393002 0.1255910 0.1374119 0.1026085 0.1896864 0.2503706 0.2028846 0.1255910 0.1663771 0.1793119 0.1474321 0.1290404 1.9764376 0.2609257 0.2100430 0.1968475 0.0902900 0.1012979 0.0688832 2.0598298 1.7506797 0.1374119 0.0688832 0.2642883 0.0688832 0.7159672 0.2503706 0.1255910 0.2070439 0.2366922 0.1139909 0.0794861 0.1817576 0.1272909 0.1255910 0.0914404 0.0902900 0.2542043 0.1458149 0.2100430 0.1026085 0.1026085 0.2366922 0.1640175 0.7091896 0.0688832 0.1393002 0.1139909 0.1374119 0.1339825 0.1767316 0.1817576 1.1691485 0.1139909 0.1139909 0.1488446 0.2096469 0.1515414 0.2059332 0.1155094 0.1039552 0.1155094 0.6529771 0.7267699 0.1012979 0.1255910 0.0902900 0.2028846 0.1942900 0.1039552 0.2550900 0.1819748 0.2439667 0.2300222 0.6994436 0.1999307 
XM_003420937_2_PREDICTED_Loxodonta_africana_RRAD_and_GEM_like_GTPase_2_REM2_transcript_variant_X1_mRNA_1                          0.2410492 0.2196252 0.1308415 0.1186815 0.1793119 0.1793119 0.1186815 0.7138208 0.1290404 0.1432472 0.1290404 0.1326974 0.1186815 0.1819748 0.0000000 0.8166428 0.1663771 0.1543492 0.6759153 0.1536890 0.1186815 0.1186815 0.1412445 0.1688100 0.1924963 0.1432472 0.1432472 0.1108666 0.1272909 0.1290404 0.1272909 0.2490542 0.2125648 0.1412445 0.2664973 0.1984295 0.1232674 0.1412445 0.1793119 0.1663771 0.2372497 0.1706204 0.1308415 3.9928981 0.1953978 0.1379310 0.1232683 0.1515414 0.1393002 0.1688100 0.1412445 0.2090828 0.1688100 0.1713220 0.1559023 0.1432472 0.2169260 0.1667167 0.1308415 0.1039552 0.1290404 0.1663771 0.1393002 0.1663771 0.1308415 0.1793119 0.1793119 0.1379310 0.1412445 0.1308415 0.1663771 0.1412445 0.1170732 0.2301976 0.2230325 0.2301976 0.1536890 0.2123369 0.2123369 0.1688100 0.1924963 1.9764376 0.2043826 0.2090828 0.1908981 0.1515414 0.1272909 0.1432472 3.1476477 2.7524650 0.1793119 0.1272909 0.2372497 0.1272909 0.7231678 0.2230325 0.1713220 0.2059332 0.2090828 0.1412445 0.1308415 0.1793119 0.1186815 0.1290404 0.1170732 0.1039552 0.2410492 0.1798961 0.2090828 0.1663771 0.1663771 0.2090828 0.1819748 0.6874545 0.1432472 0.1953978 0.1581859 0.1983943 0.1781917 0.1767316 0.1536890 1.1546220 0.1536890 0.1924963 0.2642396 0.1706204 0.1953978 0.2490542 0.1953978 0.1688100 0.1953978 0.6581741 0.7342253 0.1272909 0.1713220 0.1432472 0.2157018 0.1663771 0.1688100 0.2125648 0.0000010 0.2014913 0.2014913 0.6759153 0.1924963 
XM_029077766_2_PREDICTED_Ornithorhynchus_anatinus_RRAD_and_GEM_like_GTPase_2_REM2_mRNA_1                                          0.9016009 0.8852635 0.7504664 0.7504664 0.7644055 0.8585183 0.6746311 0.5699774 0.7263110 0.7401908 0.8303619 0.7504664 0.7504664 0.8303619 0.8166428 0.0000000 0.8035449 0.8438029 0.5360984 0.8720122 0.7504664 0.6746311 0.7504664 0.8303619 0.8585183 0.7898734 0.8303619 0.9650818 0.8303619 0.7504664 0.7263110 0.6675002 0.6891974 0.8035449 0.8438029 0.8035449 0.9051872 0.8035449 0.8035449 0.9721828 0.9149154 0.8852635 0.7898734 3.4722252 0.6891974 0.7299469 0.7562186 0.8303619 0.7615538 0.9016009 0.8303619 0.8438029 0.8303619 0.9016009 0.7898734 0.8303619 0.8880570 0.7898734 0.6746311 0.7898734 0.7263110 0.8035449 0.7898734 0.8852635 0.7120717 0.8438029 0.8585183 0.7299469 0.8303619 0.7120717 0.7120717 0.8303619 0.7898734 0.7401908 0.9149154 0.8303619 0.7898734 1.0616185 0.9459899 0.7898734 0.9326110 2.4695643 0.8438029 0.8438029 0.9149154 0.8303619 0.8720122 0.8303619 3.3155453 2.7254299 0.7644055 0.7898734 0.9149154 0.7898734 0.5451834 0.9149154 0.8035449 0.8852635 0.8438029 0.8303619 0.8303619 0.8852635 0.7504664 0.7504664 0.7644055 0.7898734 0.9016009 0.6530133 0.8438029 0.9016009 0.9016009 0.9280215 0.7504664 0.5162451 0.7898734 1.0259309 0.7644055 0.8438029 0.8585183 0.7263110 0.8438029 0.0696061 0.8720122 0.8585183 0.7299460 0.8852635 0.8303619 0.7780208 0.8585183 0.8303619 0.8585183 0.4910309 0.6226916 0.7898734 0.8035449 0.8035449 0.6325326 0.8852635 0.8303619 0.8852635 0.8166428 1.0391447 0.8438029 0.5055318 0.9917966 
XM_023567007_1_PREDICTED_Cavia_porcellus_RRAD_and_GEM_like_GTPase_2_Rem2_transcript_variant_X2_mRNA_1                             0.1718012 0.1435528 0.1494567 0.1374119 0.1239385 0.1474321 0.1374119 0.6249604 0.0880778 0.0577837 0.1239385 0.1515414 0.1374119 0.1454647 0.1663771 0.8035449 0.0000000 0.0739865 0.5975202 0.1239385 0.1374119 0.1374119 0.1355772 0.1374119 0.1595058 0.1617279 0.1110748 0.2525268 0.0891692 0.1012979 0.1374119 0.1515414 0.1771908 0.0277751 0.1817576 0.0960646 0.2438713 0.1125130 0.0471519 0.1552507 0.1573474 0.0873469 0.0378055 3.4666129 0.1742290 0.0935569 0.0947936 0.1000218 0.2708826 0.2490542 0.1239385 0.1573474 0.1374119 0.0902900 0.1000218 0.0785140 0.1409867 0.2889962 0.1494567 0.1494567 0.0880778 0.1320593 0.1110748 0.0987797 0.1494567 0.0471519 0.1474321 0.0935569 0.1239385 0.1494567 0.1595058 0.1012979 0.0794861 0.1026085 0.1454647 0.1494567 0.1595058 0.1767316 0.1640175 0.0785140 0.1767316 2.1440584 0.1293153 0.1337935 0.0887310 0.1000218 0.0891692 0.1110748 2.3973931 2.3211035 0.1239385 0.1000218 0.1573474 0.1000218 0.6167543 0.1454647 0.1239385 0.1320593 0.1573474 0.1239385 0.1000218 0.1096754 0.1374119 0.1355772 0.0902900 0.1000218 0.1718012 0.1435710 0.1337935 0.1125130 0.1125130 0.1573474 0.1374119 0.5879637 0.0891692 0.1494567 0.1125130 0.1474321 0.0845203 0.1617279 0.1096754 1.1269976 0.1012979 0.1595058 0.1728467 0.0873469 0.1374119 0.1155094 0.1617279 0.1374119 0.1617279 0.5566086 0.6815920 0.0891692 0.1239385 0.0891692 0.1374119 0.1207677 0.1374119 0.2125648 0.1663771 0.1617279 0.1494567 0.6249604 0.1355772 
XM_027390645_2_PREDICTED_Cricetulus_griseus_RRAD_and_GEM_like_GTPase_2_Rem2_transcript_variant_X2_mRNA_1                          0.1043384 0.0481734 0.1464094 0.1314826 0.1489581 0.1489581 0.1464094 0.6287527 0.1150056 0.0887310 0.1464094 0.1645502 0.1464094 0.1932976 0.1543492 0.8438029 0.0739865 0.0000000 0.6287527 0.1773117 0.1314826 0.1464094 0.1773117 0.1645502 0.1645502 0.1616840 0.1314826 0.2497698 0.1314826 0.1168978 0.1805115 0.1360589 0.2125648 0.0739865 0.0609307 0.1489581 0.2827667 0.1645502 0.0739865 0.0481734 0.1616840 0.0357083 0.0488940 3.0491389 0.2481560 0.1561254 0.1590335 0.1314826 0.2827667 0.2497698 0.1464094 0.0873469 0.1645502 0.1489581 0.1616840 0.0887310 0.2083876 0.2901236 0.1616840 0.2005394 0.1150056 0.1439528 0.1168978 0.0235287 0.1616840 0.0873469 0.1489581 0.1561254 0.1464094 0.1616840 0.2096469 0.1314826 0.1168978 0.0887310 0.1616840 0.1616840 0.1616840 0.2218854 0.2135634 0.0618599 0.1838369 2.2359606 0.0481734 0.0235287 0.0618599 0.1314826 0.1314826 0.1314826 1.9364319 2.1509391 0.1489581 0.1464094 0.1616840 0.1464094 0.6530133 0.1616840 0.1439528 0.0609307 0.0873469 0.1464094 0.1168978 0.0116276 0.1464094 0.1616840 0.1337294 0.1464094 0.1043384 0.1805115 0.0481734 0.1489581 0.1489581 0.0609307 0.1616840 0.6131310 0.1464094 0.2005394 0.1293153 0.1439528 0.1337294 0.2005394 0.0235287 1.1836013 0.1314826 0.1645502 0.1827532 0.0357083 0.1675264 0.1026493 0.1645502 0.1645502 0.1645502 0.5726865 0.7401908 0.1314826 0.1439528 0.1150056 0.1168978 0.0357083 0.1645502 0.2497698 0.1543492 0.0763263 0.0117922 0.6287527 0.0628204 
XM_031955028_1_PREDICTED_Sarcophilus_harrisii_RRAD_and_GEM_like_GTPase_2_REM2_mRNA_1                                              0.6129745 0.5975202 0.5310026 0.5310026 0.5442992 0.6878116 0.5059155 0.1450769 0.5706380 0.4813385 0.5975202 0.5059155 0.4813385 0.6700145 0.6759153 0.5360984 0.5975202 0.6287527 0.0000000 0.6006901 0.5310026 0.5059155 0.5975202 0.5975202 0.6878116 0.5566086 0.6411992 0.7732234 0.5853209 0.6006901 0.5566086 0.5184920 0.7562186 0.5706380 0.7295138 0.5769102 0.7630154 0.6581741 0.5442992 0.6529771 0.6129745 0.6664002 0.4813385 2.9538969 0.5310026 0.5706380 0.5853209 0.5853209 0.5880877 0.9181413 0.6249604 0.6129745 0.5975202 0.6129745 0.6411992 0.6129745 0.7407996 0.7033697 0.5310026 0.5582231 0.5706380 0.5442992 0.5582231 0.6529771 0.5310026 0.5975202 0.6878116 0.5706380 0.6249604 0.5310026 0.5706380 0.6291398 0.6006901 0.5310026 0.6129745 0.6994436 0.6529771 0.7905088 0.7180782 0.5853209 0.7578095 3.5516805 0.6287527 0.5566086 0.6815921 0.5853209 0.5853209 0.6411992 9.0000000 3.2992095 0.5442992 0.5853209 0.6129745 0.5853209 0.0766022 0.6129745 0.6529771 0.5975202 0.6129745 0.5975202 0.6411992 0.5975202 0.5059155 0.6249604 0.6291398 0.5853209 0.6129745 0.6039171 0.5853209 0.6291398 0.6006901 0.6700145 0.6700145 0.0884934 0.6411992 0.7063976 0.6249604 0.6249604 0.5493133 0.5442992 0.5975202 0.7131108 0.5706380 0.6878116 0.5361778 0.6664002 0.5853209 0.5706380 0.7063976 0.5975202 0.7063976 0.0413198 0.1020756 0.5582231 0.6529771 0.5310026 0.5310026 0.6249604 0.5975202 0.7145867 0.6759153 0.7693254 0.6878116 0.0302995 0.6291398 
XM_003801909_3_PREDICTED_Otolemur_garnettii_RRAD_and_GEM_like_GTPase_2_REM2_mRNA_1                                                0.2300222 0.2232505 0.1374119 0.1255910 0.1012979 0.1355772 0.1255910 0.5454796 0.0902900 0.1026085 0.1125130 0.1393002 0.1255910 0.1139909 0.1536890 0.8720122 0.1239385 0.1773117 0.6006901 0.0000000 0.1255910 0.1255910 0.1239385 0.1139909 0.1474321 0.1494567 0.1255910 0.1869091 0.0785140 0.1012979 0.1139909 0.1819748 0.2263136 0.0902900 0.2828171 0.1215333 0.2397772 0.1125130 0.1355772 0.1970673 0.2131365 0.1932976 0.1255910 3.6311455 0.1255910 0.0960647 0.0947936 0.0785140 0.2801329 0.2900839 0.1239385 0.2402707 0.1139909 0.1515414 0.1374119 0.1026085 0.1872962 0.2946976 0.1374119 0.1026085 0.0902900 0.1355772 0.0891692 0.1718012 0.1374119 0.1355772 0.1355772 0.0960647 0.1239385 0.1374119 0.1474321 0.0794861 0.0373750 0.1793119 0.1999307 0.1793119 0.1474321 0.1640175 0.1896864 0.1494567 0.1515414 1.7834176 0.2096469 0.2131365 0.1968475 0.0785140 0.1000218 0.1255910 2.5925678 2.4677924 0.1012979 0.0785140 0.2131365 0.0785140 0.5933657 0.1999307 0.1640175 0.2100430 0.2402707 0.1012979 0.1139909 0.1843209 0.1255910 0.1239385 0.0902900 0.0680532 0.2300222 0.1413991 0.2131365 0.0902900 0.0902900 0.2402707 0.1793119 0.6434453 0.1255910 0.1374119 0.1515414 0.1640175 0.0947932 0.1374119 0.1843209 1.2280094 0.0794861 0.1474321 0.1921700 0.1932976 0.1139909 0.1953978 0.1494567 0.1139909 0.1494567 0.5582231 0.6052005 0.0680532 0.1640175 0.0804835 0.1924963 0.1970673 0.1139909 0.2263136 0.1536890 0.2059332 0.2335762 0.6291398 0.1970673 
XM_008960213_2_PREDICTED_Pan_paniscus_RRAD_and_GEM_like_GTPase_2_REM2_transcript_variant_X1_mRNA_1                                0.1793119 0.1494567 0.0090908 0.0000010 0.1139909 0.1374119 0.0373750 0.4813385 0.0804835 0.0926210 0.0477022 0.0280903 0.0277751 0.1272909 0.1186815 0.7504664 0.1374119 0.1314826 0.5310026 0.1255910 0.0000000 0.0373750 0.0378055 0.1012979 0.1494567 0.0183481 0.0926210 0.1900225 0.0794861 0.0804835 0.1125130 0.1847237 0.1572039 0.1255910 0.2581651 0.1232674 0.1839033 0.0697342 0.1139909 0.1494567 0.1896864 0.1464094 0.1155094 3.2336947 0.1239385 0.0741674 0.0621091 0.0902900 0.2157018 0.2850159 0.0785140 0.1896864 0.1012979 0.1170732 0.1039552 0.0926210 0.1543492 0.2202049 0.0471519 0.1039552 0.0804835 0.0914404 0.0902900 0.1494567 0.0277751 0.1139909 0.1374119 0.0741674 0.0785140 0.0277751 0.0577837 0.0914404 0.0804835 0.1393002 0.1896864 0.1393002 0.0577837 0.1170732 0.1139909 0.1155094 0.1663771 1.8398669 0.1616840 0.1355772 0.1645502 0.0902900 0.0794861 0.0926210 3.1476477 1.8249038 0.1139909 0.0794861 0.1896864 0.0794861 0.5515618 0.1896864 0.1026085 0.1617279 0.1896864 0.0891692 0.0815073 0.1374119 0.0183481 0.0378055 0.0697342 0.0482665 0.1793119 0.1136213 0.1640175 0.1026085 0.1026085 0.1896864 0.1272909 0.5265706 0.0926210 0.1272909 0.0914404 0.1255910 0.1078396 0.1515414 0.1374119 0.9555321 0.0891692 0.1494567 0.1809993 0.1464094 0.1272909 0.1536890 0.1515414 0.1012979 0.1515414 0.4939069 0.5631422 0.0794861 0.1026085 0.0794861 0.1155094 0.1494567 0.1012979 0.1908981 0.1186815 0.1953978 0.1819748 0.5310026 0.1494567 
XM_003901565_5_PREDICTED_Papio_anubis_RRAD_and_GEM_like_GTPase_2_REM2_mRNA_1                                                      0.2059332 0.1999307 0.0277751 0.0373750 0.1139909 0.1617279 0.0000010 0.4572653 0.1026085 0.1155094 0.0680532 0.0280903 0.0277751 0.1272909 0.1186815 0.6746311 0.1374119 0.1464094 0.5059155 0.1255910 0.0373750 0.0000000 0.0378055 0.1239385 0.1494567 0.0373750 0.0926210 0.1752318 0.0794861 0.1026085 0.1125130 0.1713220 0.1572039 0.1255910 0.2873342 0.1359264 0.1557606 0.1139909 0.1374119 0.1742290 0.2163291 0.1616840 0.1155094 3.0569712 0.1012979 0.0973719 0.0845205 0.0902900 0.2014913 0.2850159 0.1000218 0.2163291 0.1239385 0.1170732 0.1039552 0.1155094 0.1706204 0.1724573 0.0090908 0.0815073 0.1026085 0.0914404 0.1125130 0.1742290 0.0090908 0.1374119 0.1617279 0.0973719 0.1000218 0.0090908 0.0577837 0.0914404 0.0804835 0.1767316 0.2163291 0.1640175 0.0577837 0.1536890 0.1617279 0.1393002 0.1663771 1.8398669 0.1773117 0.1595058 0.1805115 0.0902900 0.1012979 0.0926210 3.4295741 1.8249038 0.1139909 0.0794861 0.2163291 0.0794861 0.5029789 0.2163291 0.1255910 0.1869625 0.2163291 0.1110748 0.1039552 0.1617279 0.0183481 0.0577837 0.0914404 0.0688832 0.2059332 0.1263277 0.1896864 0.1026085 0.1026085 0.2163291 0.1515414 0.5033150 0.0926210 0.1515414 0.1139909 0.1494567 0.1198491 0.1272909 0.1617279 0.9555321 0.1110748 0.1494567 0.1809993 0.1616840 0.1272909 0.1924963 0.1515414 0.1239385 0.1515414 0.4700094 0.5387968 0.0584778 0.1255910 0.1012979 0.1272909 0.1742290 0.1239385 0.1908981 0.1186815 0.1953978 0.2090828 0.5059155 0.1742290 
XM_003924335_3_PREDICTED_Saimiri_boliviensis_boliviensis_RRAD_and_GEM_like_GTPase_2_REM2_mRNA_1                                   0.2028846 0.1718012 0.0280903 0.0378055 0.1012979 0.1355772 0.0378055 0.5706380 0.0794861 0.0914404 0.0277751 0.0482665 0.0378055 0.1026085 0.1412445 0.7504664 0.1355772 0.1773117 0.5975202 0.1239385 0.0378055 0.0378055 0.0000000 0.1139909 0.1239385 0.0378055 0.0697342 0.1869091 0.0577837 0.0794861 0.1110748 0.1559023 0.1572039 0.1239385 0.2828171 0.1339825 0.1670444 0.0688832 0.1125130 0.1718012 0.2131365 0.1932976 0.1374119 3.4245169 0.1000218 0.0732032 0.0613253 0.0680532 0.2265543 0.2961317 0.0775671 0.2131365 0.1139909 0.0926210 0.0804835 0.0914404 0.1706204 0.2076445 0.0477022 0.1026085 0.0794861 0.0902900 0.0891692 0.1474321 0.0280903 0.1125130 0.1355772 0.0732032 0.0775671 0.0280903 0.0183481 0.1012979 0.0794861 0.1536890 0.2131365 0.1374119 0.0183481 0.1272909 0.1125130 0.1374119 0.1393002 1.9313115 0.2096469 0.1869625 0.1805115 0.0680532 0.0785140 0.0697342 2.7159387 1.9645737 0.1012979 0.0577837 0.2131365 0.0577837 0.6167543 0.2131365 0.1012979 0.1843209 0.2131365 0.1012979 0.0804835 0.1595058 0.0378055 0.0183481 0.0688832 0.0477022 0.2028846 0.1282048 0.1869625 0.0794861 0.0794861 0.2131365 0.1255910 0.6132739 0.0697342 0.1374119 0.0902900 0.1239385 0.1182131 0.1374119 0.1595058 0.9555321 0.1012979 0.1239385 0.1510760 0.1932976 0.1139909 0.1688100 0.1255910 0.1139909 0.1255910 0.5827447 0.6545509 0.0577837 0.1012979 0.0914404 0.1412445 0.1718012 0.1139909 0.1908981 0.1412445 0.2059332 0.2059332 0.6249604 0.1595058 
XM_003987456_6_PREDICTED_Felis_catus_RRAD_and_GEM_like_GTPase_2_REM2_mRNA_1                                                       0.2477869 0.1999307 0.1125130 0.1012979 0.0804835 0.1374119 0.1239385 0.6249604 0.0591891 0.0926210 0.1255910 0.1374119 0.1125130 0.1039552 0.1688100 0.8303619 0.1374119 0.1645502 0.5975202 0.1139909 0.1012979 0.1239385 0.1139909 0.0000000 0.1494567 0.1239385 0.0926210 0.2244742 0.0688832 0.0697342 0.1155094 0.1847237 0.1946520 0.1255910 0.2873342 0.1001020 0.2481181 0.0804835 0.1494567 0.1742290 0.2300222 0.1968475 0.1393002 3.4666129 0.1393002 0.0856521 0.0845205 0.0688832 0.2850159 0.2953477 0.0914404 0.2300222 0.0000010 0.1170732 0.1039552 0.0926210 0.1409867 0.2413047 0.1125130 0.1393002 0.0591891 0.1742290 0.0482665 0.1617279 0.1355772 0.1494567 0.1374119 0.0856521 0.0914404 0.1355772 0.1374119 0.1026085 0.0914404 0.1515414 0.2163291 0.1953978 0.1374119 0.1412445 0.1536890 0.1155094 0.1663771 1.9764376 0.2306645 0.1718012 0.1838369 0.0688832 0.0688832 0.0926210 2.3588922 2.3211035 0.0804835 0.0482665 0.2300222 0.0482665 0.6434453 0.2163291 0.1290404 0.1999307 0.2300222 0.0477022 0.0815073 0.1617279 0.1239385 0.1139909 0.0591891 0.0584778 0.2477869 0.1026267 0.2028846 0.0804835 0.0804835 0.2300222 0.1559023 0.6390877 0.0926210 0.0926210 0.1170732 0.1536890 0.0856520 0.1239385 0.1742290 1.1691485 0.0477022 0.1494567 0.1809993 0.1968475 0.0926210 0.1663771 0.1515414 0.0090908 0.1515414 0.6094252 0.6545509 0.1012979 0.1290404 0.0482665 0.1767316 0.1869625 0.0000010 0.2497698 0.1688100 0.2517371 0.2090828 0.6529771 0.1869625 
XM_027971647_2_PREDICTED_Ovis_aries_RRAD_and_GEM_like_GTPase_2_REM2_transcript_variant_X1_mRNA_1                                  0.2300222 0.2100430 0.1374119 0.1494567 0.1474321 0.0090908 0.1494567 0.6581741 0.1239385 0.1139909 0.1125130 0.1640175 0.1494567 0.1139909 0.1924963 0.8585183 0.1595058 0.1645502 0.6878116 0.1474321 0.1494567 0.1494567 0.1239385 0.1494567 0.0000000 0.1494567 0.0914404 0.1839033 0.0785140 0.1012979 0.1374119 0.1819748 0.2497698 0.1474321 0.2828171 0.1754762 0.2284102 0.1355772 0.1718012 0.1843209 0.2828171 0.1805115 0.1617279 3.8062762 0.1742290 0.1198492 0.1063904 0.1000218 0.3124402 0.3067948 0.1012979 0.1999307 0.1494567 0.1393002 0.1255910 0.0914404 0.1675264 0.3006433 0.1617279 0.1742290 0.1239385 0.1718012 0.1337935 0.1595058 0.1617279 0.1718012 0.0090908 0.1198492 0.1012979 0.1617279 0.1474321 0.1239385 0.1239385 0.2059332 0.2683855 0.1663771 0.1239385 0.1767316 0.1640175 0.1494567 0.0284126 2.1440584 0.2306645 0.1999307 0.1838369 0.1000218 0.1223311 0.0914404 2.1854772 2.2840020 0.1474321 0.1000218 0.2828171 0.1000218 0.7049480 0.2683855 0.1515414 0.1970673 0.1999307 0.1239385 0.1026085 0.1718012 0.1494567 0.1239385 0.1125130 0.1110748 0.2300222 0.1301415 0.1999307 0.1125130 0.1125130 0.2265823 0.1793119 0.6984317 0.1139909 0.1494567 0.1393002 0.1515414 0.1573196 0.1494567 0.1718012 1.2133045 0.1239385 0.0000010 0.1488446 0.1805115 0.1617279 0.2230325 0.0185532 0.1494567 0.0185532 0.6411992 0.7159672 0.1110748 0.1515414 0.1139909 0.1924963 0.1843209 0.1494567 0.2497698 0.1924963 0.2477869 0.2196252 0.6581741 0.1718012 
