175
NM_080726_3_Mus_musculus_rad_and_gem_related_GTP_binding_protein_2_Rem2_mRNA_1                                                    0.0000000 0.1540107 0.1499684 0.0576740 0.1514938 0.1699778 0.1620143 0.3908438 0.1413538 0.1648723 0.1591831 0.1597267 0.1624758 0.1755273 0.1725062 0.4253818 0.1792286 0.0789904 0.4032388 0.1764457 0.1553363 0.1566544 0.1681344 0.1592895 0.1580404 0.1481925 0.1394075 0.1868249 0.1641384 0.1538203 0.1704614 0.2009920 0.2355536 0.1934468 0.1627469 0.1857893 0.2950188 0.1716899 0.1513419 0.1023949 0.1631280 0.1013675 0.1737311 0.1580144 0.2145277 0.1346714 0.2185749 0.1601876 0.2304656 0.3679667 0.2234902 0.2170608 0.1735348 0.0989437 0.1634611 0.1468471 0.1490426 0.1389433 0.2276256 0.2167689 0.1577674 0.1756015 0.5497490 0.1480002 0.1613841 0.1087380 0.1587278 0.1547927 0.1527385 0.1627242 0.1714861 0.1580897 0.4759555 0.1580897 0.1580897 0.1627415 0.1715076 0.1684018 0.1619402 0.1428375 0.1617970 0.1623741 0.1663439 0.1862471 0.1574118 0.1860643 0.1573924 0.1587616 0.1639992 0.1500043 0.1249081 0.1601230 0.4216173 0.0130191 0.0311952 0.0789693 0.1597283 0.1677659 0.1425528 0.1910022 0.1791855 0.1580897 0.1684986 0.1669197 0.2632143 0.1656588 0.1612767 0.1423844 0.1512878 0.1654713 0.3645776 0.1589789 0.1760816 0.0486575 0.0983819 0.1452765 0.1567921 0.1574980 0.1426301 0.0428981 0.1574878 0.1590736 0.1763110 0.1611628 0.1452067 0.1757208 0.0600208 0.1723647 0.1545493 0.1424522 0.0453348 0.1657644 0.1613016 0.0887922 0.1650484 0.3588463 0.1463524 0.1860164 0.1901529 0.1701046 0.1943708 0.1845556 0.0873302 0.4369747 0.1621037 0.1728487 0.1511891 0.2057297 0.1002441 0.1676640 0.1639652 0.1382311 0.1548202 0.1617973 0.1520142 0.4981139 0.3937436 0.1623956 0.1635906 0.1842683 0.1644224 0.1802292 0.1631621 0.1426444 0.1779779 0.0959176 0.1616488 0.2565613 0.1723554 0.1567673 0.0990723 0.1015960 0.0900243 0.4017885 0.0530896 
XM_009427474_3_PREDICTED_Pan_troglodytes_RRAD_and_GEM_like_GTPase_2_REM2_transcript_variant_X1_mRNA_1                             0.1540107 0.0000000 0.0969826 0.1604167 0.0039475 0.1131241 0.0372089 0.3681590 0.0850393 0.1212557 0.0541422 0.0191102 0.0245015 0.1122448 0.1090978 0.3689657 0.1482312 0.1295488 0.3723856 0.1070340 0.0009794 0.0351012 0.0512993 0.1050493 0.1049236 0.0109523 0.1006701 0.1241918 0.1004516 0.0993768 0.1089218 0.1816551 0.2011834 0.1530980 0.1564623 0.1297313 0.2372424 0.1045460 0.1179784 0.1566316 0.1350378 0.1614800 0.1333742 0.0340274 0.1591912 0.0863516 0.1519158 0.1016331 0.1700995 0.2881320 0.1603119 0.1663194 0.1182054 0.1566299 0.1011263 0.0995046 0.0991521 0.1033928 0.1691839 0.1511117 0.0372022 0.0999421 0.4335002 0.0871091 0.0976953 0.1269044 0.0320272 0.1190308 0.0969984 0.1039924 0.1204263 0.0340418 0.2911875 0.0340418 0.0340418 0.0508328 0.0901588 0.0915209 0.1365189 0.0888507 0.1061500 0.1350530 0.1155878 0.1091973 0.0486558 0.1126396 0.0331068 0.0995816 0.1181646 0.0979796 0.1061012 0.1131640 0.3860569 0.1531455 0.1493992 0.1442607 0.0915083 0.1046737 0.1020713 0.0713380 0.1316671 0.0340418 0.1143799 0.0978394 0.1895395 0.1075670 0.1363176 0.1033843 0.0981875 0.0965668 0.3258614 0.1351873 0.1162129 0.1480985 0.1572532 0.1020713 0.0941052 0.1074314 0.1035594 0.1500466 0.0212692 0.0476390 0.1020367 0.0953331 0.1020205 0.1046292 0.1571392 0.1167753 0.0330927 0.1008434 0.1450867 0.0992433 0.0979956 0.1546516 0.1081541 0.3327510 0.0966853 0.1222525 0.1291753 0.1232475 0.1284027 0.1250938 0.1495077 0.3681649 0.0990377 0.1216797 0.1020141 0.1727583 0.1631497 0.1092151 0.1342104 0.0900449 0.1047169 0.1062380 0.1021861 0.4635943 0.3632485 0.1039786 0.0890458 0.1229778 0.0980326 0.1102077 0.1392540 0.0874795 0.1355540 0.1600838 0.1018190 0.2083937 0.1090063 0.0362314 0.1598223 0.1675664 0.1514966 0.3666465 0.1439942 
NM_001192708_1_Bos_taurus_RRAD_and_GEM_like_GTPase_2_REM2_mRNA_2                                                                  0.1499684 0.0969826 0.0000000 0.1549737 0.0946551 0.0868507 0.1058191 0.3506337 0.0592030 0.1161617 0.1050999 0.1047156 0.1048833 0.0664701 0.0945530 0.3630246 0.1452318 0.1262029 0.3623171 0.1176333 0.0981875 0.1034290 0.1126918 0.0752814 0.0161218 0.0968312 0.0489885 0.1009904 0.0670573 0.0665912 0.0938440 0.1710346 0.1717974 0.1550973 0.1581396 0.1047417 0.2043121 0.0818288 0.1210091 0.1651326 0.1431204 0.1596280 0.1260282 0.1021655 0.0692930 0.0036971 0.1358115 0.0610858 0.1203314 0.2496055 0.1559387 0.1554282 0.0882574 0.1458964 0.0751935 0.0499806 0.0498134 0.0511223 0.1453258 0.1362922 0.1044962 0.1093515 0.3938593 0.0983233 0.0695981 0.1153317 0.1051287 0.1279529 0.0019710 0.0633003 0.0904232 0.1022123 0.3855174 0.1009554 0.1022123 0.1039806 0.0915440 0.0966059 0.1330836 0.0604103 0.0751616 0.1362393 0.0858059 0.0933723 0.0977705 0.0847770 0.1039046 0.0738013 0.0956865 0.0000010 0.0991394 0.0234807 0.3601924 0.1510031 0.1498703 0.1388420 0.0635052 0.0753415 0.0500242 0.1296738 0.0745210 0.1022123 0.0868574 0.0670408 0.1567623 0.0816659 0.1445511 0.0466431 0.0009840 0.0658597 0.3097570 0.1363750 0.0998675 0.1488350 0.1394416 0.0500242 0.0653747 0.0764004 0.0489506 0.1438463 0.0993726 0.0967229 0.0757482 0.0646805 0.0499986 0.0780345 0.1546125 0.0852504 0.1038568 0.0488928 0.1458062 0.0706850 0.0647289 0.1398676 0.0934274 0.3154269 0.0476022 0.0847161 0.1177584 0.1026186 0.0985622 0.0994578 0.1513446 0.3549009 0.0699283 0.0916117 0.0140470 0.1635463 0.1584105 0.0831526 0.1307717 0.0636071 0.0201933 0.0752201 0.0181301 0.4607434 0.3402073 0.0754214 0.0994472 0.1050917 0.0695421 0.0809744 0.1391563 0.0580549 0.1423083 0.1563673 0.0738335 0.1768905 0.0956928 0.1023533 0.1587061 0.1669250 0.1634223 0.3475030 0.1454373 
NM_022685_2_Rattus_norvegicus_RRAD_and_GEM_like_GTPase_2_Rem2_mRNA_1                                                              0.0576740 0.1604167 0.1549737 0.0000000 0.1578535 0.1679953 0.1613466 0.3731449 0.1436183 0.1688585 0.1641723 0.1649104 0.1690687 0.1744729 0.1730855 0.4242314 0.1783642 0.0882562 0.3866704 0.1733733 0.1617692 0.1587274 0.1698565 0.1630551 0.1568567 0.1573527 0.1482775 0.1937459 0.1652010 0.1526291 0.1764417 0.2018176 0.2305114 0.1868186 0.1585319 0.1943598 0.2991606 0.1772245 0.1543769 0.1105598 0.1698774 0.0905859 0.1654286 0.1601066 0.2131521 0.1433451 0.2159321 0.1610182 0.2220300 0.3679733 0.2333011 0.2308397 0.1754489 0.1060132 0.1644239 0.1559418 0.1595099 0.1463169 0.2228904 0.2159994 0.1585152 0.1698639 0.5537306 0.1526899 0.1669270 0.1158297 0.1652549 0.1588856 0.1577991 0.1635849 0.1777838 0.1572778 0.4899089 0.1601839 0.1601839 0.1600005 0.1602300 0.1585509 0.1640617 0.1479854 0.1627365 0.1691252 0.1651037 0.1779466 0.1588651 0.1890207 0.1638923 0.1625061 0.1631303 0.1532933 0.1209642 0.1653846 0.4083467 0.0521353 0.0577150 0.0861262 0.1592784 0.1674091 0.1515253 0.1966514 0.1831893 0.1601839 0.1693739 0.1665520 0.2787564 0.1667593 0.1679666 0.1513453 0.1548403 0.1650870 0.3527777 0.1656327 0.1761597 0.0568270 0.1034217 0.1543194 0.1591351 0.1583801 0.1516102 0.0541823 0.1639448 0.1606062 0.1760508 0.1607293 0.1514521 0.1739252 0.0078070 0.1714272 0.1609849 0.1514186 0.0554833 0.1653829 0.1608693 0.0935957 0.1801058 0.3392420 0.1567477 0.1888464 0.1901643 0.1713446 0.1971501 0.1862061 0.0830772 0.4354618 0.1616852 0.1791696 0.1562157 0.2080316 0.0894662 0.1687960 0.1647782 0.1419238 0.1614194 0.1628863 0.1585494 0.4694553 0.3759033 0.1662203 0.1552632 0.1842024 0.1640254 0.1798536 0.1699132 0.1423345 0.1867306 0.0934047 0.1625856 0.2530045 0.1729328 0.1575050 0.0923761 0.1002331 0.1017135 0.3878674 0.0648311 
NM_173527_3_Homo_sapiens_RRAD_and_GEM_like_GTPase_2_REM2_mRNA_1                                                                   0.1514938 0.0039475 0.0946551 0.1578535 0.0000000 0.1136656 0.0350929 0.3668673 0.0851632 0.1187903 0.0519458 0.0170748 0.0224282 0.1097784 0.1092628 0.3631641 0.1499258 0.1297483 0.3752476 0.1071931 0.0049382 0.0329903 0.0490924 0.1077601 0.1003204 0.0069447 0.0957448 0.1216079 0.0980063 0.0995238 0.1090847 0.1834950 0.1982870 0.1546648 0.1567037 0.1299305 0.2375041 0.1047028 0.1181537 0.1568736 0.1352419 0.1588595 0.1323071 0.0319206 0.1520294 0.0819288 0.1490762 0.0992458 0.1672687 0.2799367 0.1605613 0.1665847 0.1183813 0.1568776 0.1038112 0.0945858 0.0942515 0.1010187 0.1694683 0.1484043 0.0350864 0.0975095 0.4374822 0.0847574 0.0978406 0.1270953 0.0299191 0.1192082 0.0971402 0.1016024 0.1206053 0.0319340 0.2865341 0.0319340 0.0319340 0.0486466 0.0902909 0.0916552 0.1367256 0.0889806 0.1088628 0.1352571 0.1171123 0.1093626 0.0464750 0.1128081 0.0309943 0.1022508 0.1183404 0.0956276 0.1062575 0.1055443 0.3867834 0.1505827 0.1496256 0.1444865 0.0890964 0.1048308 0.0971298 0.0701568 0.1276330 0.0319340 0.1149277 0.0954045 0.1931054 0.1080782 0.1365237 0.0984305 0.0958573 0.0941365 0.3245868 0.1353918 0.1177626 0.1483228 0.1575009 0.0971298 0.0967299 0.1101522 0.1011809 0.1502731 0.0192166 0.0477055 0.1021895 0.0929066 0.0970812 0.1047862 0.1545905 0.1169524 0.0309812 0.0959097 0.1453059 0.0968005 0.0929800 0.1520650 0.1083162 0.3314639 0.0918020 0.1224369 0.1307902 0.1220605 0.1285981 0.1225631 0.1469882 0.3623475 0.1016900 0.1218606 0.0974392 0.1745626 0.1605216 0.1097363 0.1344138 0.0920555 0.0998042 0.1089536 0.0972936 0.4702432 0.3660446 0.1066872 0.0866700 0.1245579 0.0955930 0.1103741 0.1394650 0.0876071 0.1357648 0.1575248 0.1048319 0.2072428 0.1091710 0.0341134 0.1572085 0.1678243 0.1517309 0.3694684 0.1442121 
XM_005623217_4_PREDICTED_Canis_lupus_familiaris_RRAD_and_GEM_like_GTPase_2_REM2_transcript_variant_X1_mRNA_1                      0.1699778 0.1131241 0.0868507 0.1679953 0.1136656 0.0000000 0.1065337 0.3483439 0.0725780 0.1240580 0.1228541 0.1162209 0.1151532 0.1030237 0.1178432 0.3633905 0.1568238 0.1311378 0.3420602 0.1260433 0.1143799 0.1066541 0.1196822 0.0686327 0.0842812 0.1145449 0.0918903 0.1285506 0.0414688 0.0803466 0.1161192 0.1733507 0.1702300 0.1601781 0.1589544 0.1269200 0.2266974 0.0517215 0.1287383 0.1765247 0.1457268 0.1631464 0.1375261 0.1053627 0.1382832 0.0795606 0.1481968 0.0930428 0.1628378 0.2278940 0.1717589 0.1638829 0.1016079 0.1674167 0.0661929 0.0903247 0.0875292 0.0890881 0.1552887 0.1524168 0.1090824 0.1114088 0.4605953 0.1079855 0.0392908 0.1236113 0.1084030 0.1391566 0.0893203 0.0969677 0.1038346 0.1054118 0.3915009 0.1054118 0.1054118 0.1136906 0.1011768 0.0994504 0.1306045 0.0750322 0.0685244 0.1434097 0.1067404 0.1140316 0.1151291 0.1023114 0.1071531 0.0648362 0.1037705 0.0877448 0.1081767 0.0979535 0.3529645 0.1655618 0.1642037 0.1441282 0.0381274 0.0506402 0.0902779 0.1458803 0.1217457 0.1054118 0.0009800 0.0414573 0.1527688 0.0080259 0.1428039 0.0916586 0.0880483 0.0403441 0.2880187 0.1420278 0.1177747 0.1590000 0.1621689 0.0902779 0.0612952 0.0721280 0.0918144 0.1637508 0.1107925 0.1140631 0.0471974 0.0392351 0.0890854 0.0528905 0.1704696 0.1033064 0.1071028 0.0917012 0.1601367 0.0448664 0.0415080 0.1637604 0.1098912 0.2979907 0.0850901 0.1021745 0.1318079 0.1284477 0.1242591 0.1097773 0.1627272 0.3572214 0.0600053 0.1050722 0.0880867 0.1706157 0.1619238 0.0090667 0.1323349 0.0622354 0.0934012 0.0685774 0.0908948 0.4651161 0.3346657 0.0711398 0.1068160 0.1203580 0.0437746 0.0495836 0.1448850 0.0701490 0.1402752 0.1667329 0.0646658 0.1756646 0.1190287 0.1081214 0.1596812 0.1747538 0.1723585 0.3408852 0.1550018 
XM_001100692_4_PREDICTED_Macaca_mulatta_RRAD_and_GEM_like_GTPase_2_REM2_mRNA_1                                                    0.1620143 0.0372089 0.1058191 0.1613466 0.0350929 0.1065337 0.0000000 0.3584672 0.0848009 0.1292619 0.0550962 0.0307952 0.0340799 0.1117917 0.1060708 0.3786419 0.1395228 0.1224371 0.3615983 0.1030554 0.0382727 0.0059336 0.0532971 0.1008330 0.1077881 0.0383229 0.1028908 0.1208802 0.0924536 0.0965338 0.1032949 0.1742486 0.1912697 0.1455169 0.1420528 0.1269843 0.2334718 0.1080185 0.1149411 0.1508058 0.1320226 0.1552699 0.1235331 0.0029568 0.1577875 0.0907034 0.1351148 0.1049081 0.1721939 0.2930977 0.1444641 0.1601717 0.1112734 0.1503853 0.0981983 0.1017252 0.0988067 0.1108440 0.1668535 0.1403734 0.0099603 0.0958303 0.4630096 0.0868111 0.0973513 0.1239075 0.0140790 0.1133678 0.1083523 0.1072649 0.1134779 0.0049408 0.2717596 0.0049408 0.0049408 0.0495104 0.0888291 0.0863674 0.1307209 0.0897818 0.1006616 0.1305777 0.1112368 0.1196350 0.0473464 0.1163126 0.0130630 0.0966742 0.1165282 0.1069150 0.1046183 0.1130890 0.3764256 0.1528615 0.1463122 0.1353803 0.0873841 0.1043006 0.1068940 0.0535774 0.1313539 0.0049408 0.1077764 0.0924332 0.1862598 0.1023851 0.1278316 0.1056114 0.1070406 0.0911777 0.3138994 0.1307060 0.1184755 0.1506410 0.1510275 0.1043616 0.0913156 0.0994125 0.1084003 0.1482607 0.0296936 0.0485750 0.1016742 0.0911631 0.1017255 0.1042564 0.1552871 0.1177206 0.0130576 0.1056604 0.1476175 0.0950242 0.0912347 0.1415081 0.1183323 0.3125421 0.0963481 0.1245927 0.1287014 0.1201290 0.1243082 0.1180466 0.1422930 0.3814350 0.0986931 0.1121702 0.1048465 0.1654768 0.1569117 0.1040023 0.1284280 0.0850053 0.1072313 0.0982346 0.1046892 0.4694609 0.3579882 0.0985014 0.0851008 0.1226105 0.0938256 0.1084596 0.1347311 0.0848079 0.1283907 0.1541579 0.0992157 0.1871615 0.1059823 0.0069410 0.1508137 0.1557757 0.1469332 0.3540700 0.1492438 
XM_007479801_2_PREDICTED_Monodelphis_domestica_RAS_RAD_and_GEM_like_GTP_binding_2_REM2_mRNA_1                                     0.3908438 0.3681590 0.3506337 0.3731449 0.3668673 0.3483439 0.3584672 0.0000000 0.3411947 0.3715498 0.3659459 0.3622746 0.3740941 0.3626618 0.3527599 0.4104251 0.3950088 0.3633880 0.1250787 0.3783505 0.3700726 0.3630488 0.3709698 0.3406886 0.3426176 0.3718250 0.3650805 0.3749621 0.3543372 0.3665097 0.3499308 0.3480952 0.3731470 0.3891932 0.3743256 0.3828336 0.5127535 0.3465031 0.3557538 0.4116946 0.3811563 0.3957032 0.3653806 0.3609360 0.3720351 0.3077774 0.4326744 0.3369352 0.4627776 0.6715995 0.3899832 0.3873210 0.3404127 0.3809720 0.3449927 0.3565759 0.3473191 0.3501112 0.3730978 0.3750397 0.3585119 0.3690252 0.9232419 0.3544333 0.3530861 0.3583343 0.3653221 0.3667953 0.3487895 0.3393597 0.3489409 0.3611444 0.8063472 0.3611444 0.3611444 0.3689332 0.3668604 0.3447970 0.3374412 0.3437307 0.3428964 0.3860346 0.3420571 0.3539993 0.3739602 0.3507787 0.3634129 0.3417968 0.3567776 0.3535710 0.3514558 0.3548251 0.1577725 0.3718336 0.3765673 0.3922191 0.3480597 0.3499746 0.3579993 0.4088571 0.3657245 0.3611444 0.3502313 0.3567300 0.4892380 0.3523951 0.3838999 0.3622785 0.3484733 0.3546146 0.0863192 0.3868725 0.3766163 0.3815451 0.3761704 0.3621190 0.3453731 0.3318530 0.3650011 0.3861882 0.3660746 0.3747765 0.3451030 0.3501572 0.3622516 0.3493358 0.3719412 0.3257248 0.3632031 0.3621930 0.3865405 0.3522762 0.3505499 0.3690742 0.3585176 0.0949926 0.3434527 0.3539713 0.3868174 0.3715325 0.3707912 0.3539125 0.3987165 0.4189085 0.3334673 0.3505241 0.3566762 0.3596318 0.4030600 0.3543325 0.3363892 0.2947093 0.3467968 0.3361763 0.3469526 0.1775766 0.0394036 0.3452746 0.3655368 0.3814804 0.3503883 0.3500310 0.3832227 0.3352160 0.3670162 0.4165851 0.3460083 0.3681607 0.3502601 0.3612228 0.4035697 0.4028849 0.3990437 0.1242728 0.3754428 
XM_023622024_1_PREDICTED_Equus_caballus_RRAD_and_GEM_like_GTPase_2_REM2_transcript_variant_X1_mRNA_1                              0.1413538 0.0850393 0.0592030 0.1436183 0.0851632 0.0725780 0.0848009 0.3411947 0.0000000 0.1025877 0.0889102 0.0875600 0.0852949 0.0752900 0.0863712 0.3526351 0.1230106 0.1193531 0.3518681 0.1023219 0.0862265 0.0824753 0.0987096 0.0578538 0.0617524 0.0849075 0.0586098 0.0971789 0.0544478 0.0448210 0.0863186 0.1503858 0.1625134 0.1390532 0.1373627 0.0965469 0.2143979 0.0664351 0.1063216 0.1523813 0.1187748 0.1534364 0.1156969 0.0812597 0.1088100 0.0534376 0.1106895 0.0660525 0.1346360 0.2452484 0.1445244 0.1475387 0.0771033 0.1414793 0.0577890 0.0572743 0.0548042 0.0561810 0.1421963 0.1217476 0.0847903 0.0926118 0.3385364 0.0798056 0.0556936 0.1032551 0.0840385 0.1129998 0.0615013 0.0671075 0.0792476 0.0812965 0.3793215 0.0812965 0.0812965 0.0914953 0.0778481 0.0816001 0.1193666 0.0049595 0.0577653 0.1122042 0.0770809 0.0828452 0.0891319 0.0767116 0.0828525 0.0564792 0.0808876 0.0597871 0.0770941 0.0693782 0.3467549 0.1393433 0.1385740 0.1274827 0.0498154 0.0627937 0.0584450 0.1170832 0.0898581 0.0812965 0.0737535 0.0498242 0.1378015 0.0687099 0.1187072 0.0584677 0.0603272 0.0486802 0.2888747 0.1123103 0.0867490 0.1362579 0.1380522 0.0584450 0.0516714 0.0589215 0.0585636 0.1325873 0.0837130 0.0880843 0.0605155 0.0486549 0.0584151 0.0651152 0.1432872 0.0776459 0.0828148 0.0584936 0.1359775 0.0568044 0.0486906 0.1397113 0.0816073 0.2944533 0.0525533 0.0754582 0.1050221 0.0966171 0.0955974 0.0842371 0.1396631 0.3488401 0.0562015 0.0804118 0.0605708 0.1534258 0.1522255 0.0701278 0.1183391 0.0523772 0.0653047 0.0578090 0.0629706 0.4630287 0.3328247 0.0579635 0.0804917 0.0942840 0.0556816 0.0677549 0.1162101 0.0029661 0.1256916 0.1504969 0.0553528 0.1644265 0.0863005 0.0814078 0.1473957 0.1531402 0.1409499 0.3405996 0.1416141 
XM_051822640_1_PREDICTED_Oryctolagus_cuniculus_RRAD_and_GEM_like_GTPase_2_LOC100344089_mRNA_1                                     0.1648723 0.1212557 0.1161617 0.1688585 0.1187903 0.1240580 0.1292619 0.3715498 0.1025877 0.0000000 0.1308975 0.1240514 0.1229219 0.1378892 0.1394802 0.3730838 0.1592151 0.1453451 0.3812672 0.1407454 0.1225416 0.1267281 0.1337997 0.1200817 0.1178362 0.1196699 0.1105136 0.1461942 0.1094079 0.1158191 0.1244396 0.1342306 0.1788363 0.1620155 0.1575089 0.1487893 0.2477306 0.1091673 0.1391145 0.1702940 0.1582696 0.1585714 0.1381915 0.1253733 0.1792907 0.1106537 0.1610206 0.1128094 0.1865473 0.3242265 0.1871925 0.1834374 0.1362884 0.1662692 0.1159902 0.1119301 0.1102526 0.1076768 0.1616298 0.1703134 0.1292520 0.1268578 0.4745749 0.1155117 0.1095340 0.1328273 0.1286347 0.1433370 0.1188212 0.1152617 0.1391949 0.1254332 0.4513044 0.1254332 0.1254332 0.1283008 0.1211768 0.1169019 0.1404921 0.1053422 0.1198635 0.1571432 0.1347360 0.1429340 0.1257626 0.1338574 0.1273317 0.1155844 0.1386907 0.1158197 0.1137322 0.1211791 0.3894887 0.1690544 0.1556079 0.1444758 0.1052985 0.1025254 0.1147106 0.1645872 0.1538324 0.1254332 0.1253621 0.1080288 0.2184262 0.1182383 0.1590604 0.1133694 0.1174402 0.1067050 0.3246387 0.1565927 0.1390149 0.1620446 0.1610616 0.1147106 0.1015790 0.1239766 0.1135676 0.1594996 0.1227694 0.1246859 0.1066120 0.1066179 0.1132053 0.1102989 0.1721175 0.1273311 0.1272706 0.1134238 0.1691043 0.1134134 0.1067052 0.1627978 0.1356576 0.3331793 0.1089317 0.1365144 0.1581051 0.1464935 0.1523746 0.1362202 0.1572421 0.3696088 0.1084973 0.1405173 0.1191615 0.1288430 0.1587115 0.1167880 0.1381383 0.1038729 0.1192342 0.1199677 0.1178878 0.5242639 0.3693568 0.1176282 0.1168659 0.1463945 0.1121527 0.1036695 0.1608566 0.1026331 0.1439740 0.1584590 0.1156397 0.1839327 0.1393575 0.1241428 0.1566799 0.1662062 0.1625451 0.3779074 0.1586189 
XM_035260095_1_PREDICTED_Callithrix_jacchus_RRAD_and_GEM_like_GTPase_2_REM2_transcript_variant_X1_mRNA_1                          0.1591831 0.0541422 0.1050999 0.1641723 0.0519458 0.1228541 0.0550962 0.3659459 0.0889102 0.1308975 0.0000000 0.0530481 0.0531577 0.1230669 0.1226466 0.3914077 0.1523388 0.1342103 0.3651952 0.1145614 0.0552478 0.0551544 0.0307629 0.1187598 0.1083007 0.0553222 0.1046549 0.1341676 0.1003424 0.1034433 0.1088197 0.1782668 0.2084933 0.1622281 0.1473592 0.1440006 0.2571468 0.1125039 0.1221623 0.1586373 0.1420314 0.1652418 0.1434174 0.0540273 0.1665602 0.1009162 0.1471934 0.1123097 0.1815467 0.2857247 0.1756956 0.1714644 0.1265636 0.1579285 0.1146463 0.1022570 0.1031128 0.1074073 0.1791429 0.1587364 0.0550874 0.1063237 0.4624484 0.0910141 0.1082439 0.1285700 0.0530774 0.1246388 0.1076424 0.1147038 0.1288030 0.0540507 0.3441634 0.0517862 0.0540507 0.0263172 0.0967265 0.0942172 0.1458804 0.0914323 0.1185486 0.1419149 0.1252571 0.1244018 0.0232263 0.1194813 0.0519744 0.1117763 0.1318060 0.1047851 0.1078071 0.1137044 0.3808904 0.1572598 0.1502707 0.1418381 0.0938745 0.1140066 0.1061401 0.0909066 0.1441568 0.0540507 0.1241335 0.1015980 0.2083903 0.1185198 0.1405298 0.1073996 0.1051072 0.1003169 0.3280212 0.1420580 0.1273854 0.1587605 0.1591793 0.1086924 0.1099462 0.1145747 0.1102140 0.1524103 0.0495650 0.0253641 0.1113139 0.0951391 0.1086386 0.1139584 0.1609798 0.1322366 0.0519518 0.1074497 0.1557900 0.1016380 0.0952143 0.1537087 0.1256418 0.3357334 0.1006252 0.1292574 0.1449416 0.1359251 0.1378536 0.1249259 0.1555973 0.3953880 0.1109952 0.1300765 0.1062668 0.1693654 0.1655430 0.1202398 0.1435401 0.1063350 0.1052114 0.1160377 0.1026667 0.4783159 0.3648736 0.1163569 0.0954652 0.1343235 0.1004244 0.1119747 0.1461754 0.0888629 0.1461468 0.1602383 0.1144163 0.1997598 0.1225426 0.0541222 0.1635606 0.1739588 0.1487762 0.3595196 0.1491682 
XM_002824566_3_PREDICTED_Pongo_abelii_RRAD_and_GEM_like_GTPase_2_REM2_mRNA_1                                                      0.1597267 0.0191102 0.1047156 0.1649104 0.0170748 0.1162209 0.0307952 0.3622746 0.0875600 0.1240514 0.0530481 0.0000000 0.0224285 0.1097320 0.1079079 0.3688340 0.1473327 0.1325218 0.3620867 0.1084832 0.0201318 0.0308269 0.0501699 0.1075419 0.1079017 0.0201575 0.1032977 0.1228604 0.0979009 0.1007765 0.1076416 0.1819224 0.1997651 0.1505027 0.1537497 0.1313109 0.2377682 0.1072240 0.1130742 0.1625599 0.1353839 0.1646844 0.1243011 0.0297631 0.1594016 0.0940493 0.1459444 0.1031350 0.1736871 0.2909093 0.1547500 0.1666804 0.1222871 0.1596367 0.1037008 0.1021270 0.1017643 0.1112880 0.1729774 0.1496348 0.0329142 0.0936434 0.4505723 0.0847188 0.1028602 0.1271643 0.0298862 0.1192728 0.1072474 0.1055029 0.1219160 0.0297747 0.2949737 0.0297747 0.0297747 0.0474658 0.0915782 0.0890965 0.1366028 0.0925874 0.1073560 0.1339212 0.1222452 0.1187737 0.0453008 0.1153459 0.0288328 0.1021421 0.1223060 0.1058006 0.1050298 0.1132097 0.3836102 0.1561472 0.1494741 0.1457831 0.0927563 0.1073556 0.1073196 0.0700761 0.1348170 0.0297747 0.1174873 0.0978799 0.1944456 0.1079634 0.1339003 0.1060312 0.1059368 0.0966065 0.3200010 0.1340542 0.1229769 0.1538399 0.1602505 0.1073196 0.0991834 0.1060896 0.1088336 0.1529461 0.0181945 0.0465241 0.1047017 0.0965909 0.1046577 0.1073100 0.1587866 0.1208944 0.0288206 0.1060805 0.1507888 0.1005118 0.0966675 0.1547777 0.1175528 0.3228560 0.0992845 0.1250229 0.1361512 0.1273258 0.1312533 0.1198228 0.1539865 0.3677187 0.0990784 0.1257782 0.1049559 0.1730120 0.1663692 0.1096196 0.1342925 0.0917683 0.1073436 0.1048984 0.1047983 0.4608639 0.3614829 0.1051846 0.0853223 0.1298364 0.0992988 0.1103269 0.1381194 0.0900139 0.1343904 0.1661809 0.1047207 0.2035147 0.1078173 0.0319407 0.1630107 0.1707169 0.1496575 0.3545400 0.1496949 
XM_003260595_2_PREDICTED_Nomascus_leucogenys_RRAD_and_GEM_like_GTPase_2_REM2_mRNA_1                                               0.1624758 0.0245015 0.1048833 0.1690687 0.0224282 0.1151532 0.0340799 0.3740941 0.0852949 0.1229219 0.0531577 0.0224285 0.0000000 0.1123233 0.1068356 0.3758807 0.1442583 0.1291034 0.3690375 0.1085139 0.0255427 0.0341152 0.0548623 0.1092185 0.1081777 0.0266147 0.0981734 0.1245469 0.0995312 0.1010383 0.1093207 0.1824975 0.2001821 0.1544758 0.1570381 0.1373546 0.2404959 0.1049871 0.1140840 0.1590138 0.1378891 0.1578111 0.1242082 0.0330412 0.1567011 0.0940925 0.1477619 0.1042699 0.1727084 0.3020473 0.1567159 0.1669488 0.1248844 0.1575511 0.1039703 0.0970120 0.0966689 0.1060706 0.1722362 0.1482966 0.0351588 0.0926487 0.4417288 0.0824693 0.0993624 0.1282538 0.0331785 0.1177610 0.1074189 0.1066364 0.1271145 0.0330552 0.2988193 0.0330552 0.0330552 0.0543600 0.0917274 0.0918536 0.1355319 0.0876034 0.1090286 0.1364202 0.1265726 0.1189675 0.0521655 0.1142844 0.0321163 0.1024074 0.1266353 0.1059715 0.1061738 0.1134983 0.3908034 0.1587914 0.1519620 0.1450122 0.0917910 0.1021934 0.1009298 0.0741822 0.1273994 0.0330552 0.1164195 0.0969167 0.2009143 0.1095408 0.1351172 0.1008713 0.1061063 0.0956427 0.3260271 0.1365562 0.1233725 0.1565621 0.1580238 0.1009298 0.0968783 0.1077557 0.1036351 0.1556531 0.0059679 0.0534257 0.1011800 0.0930551 0.0983051 0.1037769 0.1629031 0.1210905 0.0321026 0.1009180 0.1534969 0.0995491 0.0931288 0.1540955 0.1159654 0.3353135 0.0942125 0.1239539 0.1324785 0.1277353 0.1372445 0.1236900 0.1503327 0.3750982 0.1004822 0.1283808 0.1052253 0.1749617 0.1594600 0.1112093 0.1332202 0.0935924 0.1062433 0.1065590 0.1050669 0.4942033 0.3690872 0.1068506 0.0880494 0.1302526 0.0983350 0.1079483 0.1378492 0.0877423 0.1333060 0.1623759 0.1049920 0.2063500 0.1094098 0.0352443 0.1581548 0.1660915 0.1542573 0.3755171 0.1524040 
XM_021099265_1_PREDICTED_Sus_scrofa_RRAD_and_GEM_like_GTPase_2_REM2_transcript_variant_X1_mRNA_1                                  0.1755273 0.1122448 0.0664701 0.1744729 0.1097784 0.1030237 0.1117917 0.3626618 0.0752900 0.1378892 0.1230669 0.1097320 0.1123233 0.0000000 0.1136492 0.3887302 0.1428370 0.1495166 0.3786322 0.1201125 0.1134914 0.1093644 0.1216096 0.0876400 0.0704559 0.1119956 0.0599350 0.1182073 0.0789418 0.0793726 0.1103904 0.1902179 0.1839608 0.1666372 0.1623117 0.1182833 0.2150138 0.0954688 0.1282967 0.1854483 0.1521741 0.1800744 0.1346770 0.1080780 0.1177748 0.0578305 0.1560052 0.0736671 0.1396880 0.2691093 0.1733797 0.1624527 0.1021650 0.1741086 0.0850680 0.0597157 0.0549072 0.0668265 0.1534852 0.1412541 0.1118367 0.1153146 0.4286412 0.1120115 0.0867255 0.1325232 0.1151674 0.1250693 0.0688130 0.0759362 0.1018554 0.1081281 0.4020290 0.1081281 0.1081281 0.1139678 0.0986918 0.0983532 0.1349182 0.0778099 0.0874944 0.1466718 0.1021320 0.1224164 0.1101675 0.0975004 0.1139147 0.0836028 0.1087953 0.0659789 0.1111874 0.0777229 0.3708784 0.1772173 0.1683473 0.1605773 0.0778530 0.0914044 0.0644807 0.1420560 0.0925765 0.1081281 0.1017182 0.0790560 0.1775229 0.0975818 0.1536374 0.0597892 0.0676135 0.0778285 0.3272491 0.1453012 0.1185698 0.1656857 0.1671547 0.0644807 0.0869755 0.0887896 0.0611059 0.1589008 0.1079393 0.1117536 0.0891539 0.0790807 0.0644478 0.0942768 0.1680988 0.1029784 0.1138615 0.0598158 0.1621923 0.0853714 0.0791420 0.1692803 0.1071804 0.3270080 0.0526522 0.0974316 0.1232941 0.1251275 0.1242025 0.1148660 0.1723679 0.3755579 0.0868832 0.1056082 0.0678075 0.1856604 0.1774150 0.0991756 0.1325962 0.0718924 0.0762099 0.0875650 0.0738170 0.4858835 0.3518990 0.0878035 0.0972923 0.1240672 0.0841852 0.0996811 0.1481386 0.0753252 0.1453547 0.1792341 0.0836411 0.1899108 0.1148174 0.1052763 0.1821714 0.1800340 0.1860277 0.3671831 0.1672900 
XM_003420937_2_PREDICTED_Loxodonta_africana_RRAD_and_GEM_like_GTPase_2_REM2_transcript_variant_X1_mRNA_1                          0.1725062 0.1090978 0.0945530 0.1730855 0.1092628 0.1178432 0.1060708 0.3527599 0.0863712 0.1394802 0.1226466 0.1079079 0.1068356 0.1136492 0.0000000 0.3867922 0.1659165 0.1363335 0.3637966 0.1299579 0.1103591 0.1036228 0.1238630 0.1105986 0.0999824 0.1115169 0.1048545 0.0601207 0.1029352 0.0999356 0.0933428 0.1956335 0.1843800 0.1771113 0.1592252 0.1410855 0.1586717 0.1066805 0.1438966 0.1695613 0.1652790 0.1664438 0.1453132 0.1023286 0.1496082 0.0869744 0.1639290 0.1118459 0.1761530 0.3063775 0.1073334 0.1117025 0.1195699 0.1626854 0.1078310 0.1031869 0.0988616 0.1019562 0.1697655 0.0895419 0.1034283 0.1100063 0.4592975 0.1127586 0.1017980 0.1301824 0.1067714 0.1415929 0.0970958 0.1129468 0.1218366 0.1023766 0.4250490 0.1023766 0.1023766 0.1174909 0.1134522 0.1105010 0.1475472 0.0864181 0.1104016 0.1550793 0.1168210 0.1295278 0.1123396 0.1140698 0.1055139 0.1088223 0.1287545 0.0955474 0.1158889 0.1024811 0.3577004 0.1692239 0.1624023 0.1483379 0.1002765 0.1059757 0.1045431 0.1395268 0.1340092 0.1023766 0.1191415 0.1015578 0.2045484 0.1134652 0.1651964 0.1045849 0.0957832 0.1002480 0.3043916 0.1580922 0.1267021 0.1599147 0.1574206 0.1045431 0.0993804 0.1144378 0.1047660 0.1582982 0.1024346 0.1112637 0.1001120 0.1015865 0.1044901 0.1056083 0.1710341 0.1162838 0.1054641 0.1046345 0.1625386 0.1016129 0.1016693 0.1524820 0.1228176 0.3142981 0.0963445 0.1184224 0.1362226 0.1270938 0.1346663 0.1043711 0.1516923 0.3804539 0.1030856 0.1231175 0.0987416 0.1968460 0.1681757 0.1151929 0.1481215 0.0954423 0.0998045 0.1104960 0.0972355 0.5103604 0.3445775 0.1108052 0.1101818 0.1322190 0.1029694 0.1144314 0.1594604 0.0851268 0.1525426 0.1632008 0.1075569 0.1893243 0.0019769 0.1008497 0.1617684 0.1653554 0.1712646 0.3586989 0.1656495 
XM_029077766_2_PREDICTED_Ornithorhynchus_anatinus_RRAD_and_GEM_like_GTPase_2_REM2_mRNA_1                                          0.4253818 0.3689657 0.3630246 0.4242314 0.3631641 0.3633905 0.3786419 0.4104251 0.3526351 0.3730838 0.3914077 0.3688340 0.3758807 0.3887302 0.3867922 0.0000000 0.4395637 0.4076736 0.3742893 0.4026187 0.3689657 0.3747318 0.3858503 0.3729959 0.3578878 0.3608779 0.3759663 0.3999411 0.3797862 0.3801882 0.3740284 0.3803091 0.3779840 0.4656020 0.4474687 0.4130677 0.5591773 0.3799246 0.4171008 0.4318774 0.4169271 0.4262374 0.4126257 0.3724324 0.4034950 0.2822997 0.4707036 0.3638369 0.4980748 0.7382759 0.4412927 0.3906622 0.4018991 0.4296399 0.3677865 0.3755709 0.3642799 0.3761022 0.3869019 0.4036601 0.3742354 0.3746513 1.0785157 0.3774182 0.3589075 0.4262584 0.3811353 0.3988246 0.3654070 0.3626870 0.4034309 0.3726639 0.9460759 0.3700130 0.3679026 0.3640250 0.3684858 0.3770166 0.4056275 0.3496384 0.3721793 0.4220470 0.4082986 0.4279760 0.3654012 0.3925156 0.3790486 0.3642062 0.4056755 0.3684041 0.3835646 0.3784533 0.4275371 0.4346229 0.4396720 0.4171134 0.3746847 0.3764701 0.3863489 0.3762167 0.3947043 0.3726639 0.3654458 0.3706877 0.5400786 0.3637121 0.4246792 0.3813596 0.3650575 0.3683801 0.3667539 0.4203370 0.3987315 0.4310859 0.4299303 0.3863489 0.3812089 0.3770027 0.3843489 0.4257361 0.3704849 0.3662438 0.3732468 0.3791729 0.3861661 0.3841768 0.4274302 0.3902384 0.3788120 0.3815972 0.4229968 0.3849739 0.3796388 0.4310373 0.3745856 0.3697632 0.3667741 0.3991030 0.4308106 0.4186487 0.4285670 0.3630845 0.4236001 0.0383535 0.3720578 0.4055491 0.3642373 0.3736000 0.4294185 0.3643284 0.4039239 0.2971411 0.3711651 0.3703347 0.3666138 0.5597855 0.4180572 0.3671122 0.3851972 0.4034852 0.3761345 0.3977331 0.4248388 0.3504280 0.3722488 0.4197331 0.3688591 0.4103232 0.3889157 0.3754203 0.4302212 0.4369096 0.4233431 0.3920749 0.4259074 
XM_023567007_1_PREDICTED_Cavia_porcellus_RRAD_and_GEM_like_GTPase_2_Rem2_transcript_variant_X2_mRNA_1                             0.1792286 0.1482312 0.1452318 0.1783642 0.1499258 0.1568238 0.1395228 0.3950088 0.1230106 0.1592151 0.1523388 0.1473327 0.1442583 0.1428370 0.1659165 0.4395637 0.0000000 0.1571441 0.4084470 0.1539146 0.1495651 0.1381770 0.1678326 0.1503548 0.1513819 0.1551137 0.1319264 0.1792698 0.1404149 0.1374808 0.1576066 0.2083008 0.2325151 0.0965268 0.1648103 0.1699076 0.2700088 0.1538554 0.0849906 0.1851642 0.1605909 0.1752484 0.0829229 0.1383040 0.2137621 0.1355859 0.1969908 0.1475434 0.2223674 0.3468384 0.2046839 0.2098598 0.1611221 0.1765485 0.1410314 0.1337084 0.1331284 0.1379280 0.1976630 0.1887055 0.1410628 0.1614832 0.4963013 0.1340384 0.1465204 0.1376371 0.1486813 0.0882058 0.1465567 0.1500887 0.1622278 0.1355680 0.4462644 0.1383703 0.1383703 0.1619581 0.1523753 0.1467551 0.1427400 0.1272272 0.1500330 0.1556001 0.1567820 0.1612845 0.1619133 0.1561684 0.1473459 0.1426530 0.1631475 0.1468224 0.1169135 0.1566822 0.4436709 0.1749905 0.1734390 0.1557371 0.1377722 0.1458927 0.1352918 0.1859348 0.1743303 0.1368668 0.1582047 0.1420345 0.2542906 0.1548172 0.1558143 0.1348929 0.1465586 0.1406173 0.3714805 0.1577065 0.1705277 0.1728646 0.1712038 0.1352918 0.1431625 0.1486406 0.1336958 0.1674224 0.1394168 0.1594779 0.1468036 0.1391820 0.1352253 0.1534265 0.1762995 0.1710174 0.1472748 0.1321591 0.1755744 0.1464852 0.1393014 0.1629513 0.1458186 0.3616539 0.1304725 0.1574893 0.1718923 0.1720288 0.1741554 0.1610110 0.1635281 0.4475908 0.1444712 0.1634870 0.1485711 0.2068370 0.1770015 0.1552915 0.1417064 0.1340727 0.1482786 0.1473481 0.1454756 0.4931291 0.3946596 0.1518525 0.1467795 0.1765580 0.1451529 0.1525017 0.1590510 0.1243996 0.1678333 0.1757401 0.1455179 0.2371687 0.1658828 0.1385687 0.1770716 0.1795259 0.1771828 0.4094638 0.1747060 
XM_027390645_2_PREDICTED_Cricetulus_griseus_RRAD_and_GEM_like_GTPase_2_Rem2_transcript_variant_X2_mRNA_1                          0.0789904 0.1295488 0.1262029 0.0882562 0.1297483 0.1311378 0.1224371 0.3633880 0.1193531 0.1453451 0.1342103 0.1325218 0.1291034 0.1495166 0.1363335 0.4076736 0.1571441 0.0000000 0.3587126 0.1466866 0.1308648 0.1198999 0.1379786 0.1281129 0.1313038 0.1321428 0.1209671 0.1605590 0.1296088 0.1250059 0.1410993 0.1792243 0.2035250 0.1684995 0.1331597 0.1661541 0.2675685 0.1398501 0.1282468 0.0552413 0.1489642 0.0546886 0.1489590 0.1212217 0.1841084 0.1177401 0.1871612 0.1442052 0.2104148 0.3412961 0.2007299 0.1763609 0.1517726 0.0627835 0.1294583 0.1297008 0.1292146 0.1279395 0.1838312 0.1725460 0.1210193 0.1499216 0.5542834 0.1287985 0.1296803 0.0820707 0.1231754 0.1279131 0.1289509 0.1467804 0.1541453 0.1212791 0.4642898 0.1212791 0.1212791 0.1330832 0.1373046 0.1371102 0.1335597 0.1222113 0.1278722 0.1467007 0.1489192 0.1534107 0.1277480 0.1593372 0.1218697 0.1249444 0.1407916 0.1260435 0.1085688 0.1315088 0.3639044 0.0774973 0.0728689 0.0686523 0.1253631 0.1337083 0.1240703 0.1354894 0.1571087 0.1212791 0.1324710 0.1309174 0.2339716 0.1299901 0.1471222 0.1239172 0.1275202 0.1295124 0.3145098 0.1433126 0.1587753 0.0855544 0.0565458 0.1267969 0.1230061 0.1265074 0.1241365 0.0739307 0.1290808 0.1293902 0.1357654 0.1267579 0.1240075 0.1399009 0.0880565 0.1466221 0.1191252 0.1239775 0.0829328 0.1311821 0.1268664 0.0479308 0.1377327 0.3209710 0.1265224 0.1576131 0.1676820 0.1522100 0.1727989 0.1507829 0.0503079 0.4154866 0.1253306 0.1555252 0.1280166 0.1859183 0.0536205 0.1318382 0.1324707 0.1117275 0.1249102 0.1278614 0.1236535 0.4951752 0.3573139 0.1283532 0.1394948 0.1634500 0.1298633 0.1396051 0.1475437 0.1179593 0.1549051 0.0586032 0.1277543 0.2209835 0.1362127 0.1214542 0.0598118 0.0983817 0.0470989 0.3639626 0.0868019 
XM_031955028_1_PREDICTED_Sarcophilus_harrisii_RRAD_and_GEM_like_GTPase_2_REM2_mRNA_1                                              0.4032388 0.3723856 0.3623171 0.3866704 0.3752476 0.3420602 0.3615983 0.1250787 0.3518681 0.3812672 0.3651952 0.3620867 0.3690375 0.3786322 0.3637966 0.3742893 0.4084470 0.3587126 0.0000000 0.3695408 0.3723854 0.3662073 0.3739682 0.3457583 0.3640921 0.3755678 0.3734505 0.3792648 0.3485895 0.3748858 0.3512717 0.3452826 0.3653520 0.4001437 0.3827720 0.3854721 0.5355557 0.3366151 0.3578117 0.3854873 0.3740952 0.3766333 0.3584941 0.3640828 0.4022608 0.2971730 0.4182217 0.3560852 0.4838742 0.6889194 0.3938273 0.3897264 0.3685341 0.3670975 0.3520309 0.3647956 0.3684126 0.3679831 0.3455168 0.3616602 0.3616443 0.3422898 0.9576284 0.3362450 0.3370855 0.3566817 0.3637827 0.3622221 0.3604441 0.3585876 0.3628143 0.3618468 0.8396941 0.3642935 0.3642935 0.3579469 0.3645593 0.3496973 0.3335132 0.3509191 0.3458771 0.3708292 0.3744939 0.3678808 0.3628923 0.3871395 0.3618740 0.3447815 0.3811866 0.3654309 0.3444068 0.3834608 0.1721891 0.3944071 0.3857506 0.3696831 0.3423691 0.3399910 0.3752419 0.4033862 0.3876598 0.3642935 0.3439372 0.3490205 0.5082774 0.3423463 0.3746088 0.3747937 0.3601182 0.3469297 0.0863907 0.3705907 0.3888243 0.3846220 0.3630033 0.3752419 0.3558159 0.3387674 0.3733692 0.4023483 0.3686168 0.3636798 0.3391621 0.3444470 0.3690882 0.3495361 0.3921298 0.3540009 0.3616649 0.3750135 0.3944765 0.3465431 0.3429504 0.3644266 0.3614598 0.1030824 0.3618852 0.3847923 0.3881606 0.3856274 0.3833411 0.3474317 0.3833953 0.3863787 0.3422273 0.3688205 0.3723700 0.3522846 0.3794629 0.3479872 0.3347889 0.2954588 0.3722987 0.3431220 0.3679984 0.1899101 0.1185725 0.3482610 0.3733605 0.3890246 0.3446710 0.3414165 0.3693131 0.3476467 0.3628195 0.3919119 0.3490004 0.3825365 0.3653931 0.3668319 0.3842576 0.3979363 0.3876085 0.0312427 0.3924000 
XM_003801909_3_PREDICTED_Otolemur_garnettii_RRAD_and_GEM_like_GTPase_2_REM2_mRNA_1                                                0.1764457 0.1070340 0.1176333 0.1733733 0.1071931 0.1260433 0.1030554 0.3783505 0.1023219 0.1407454 0.1145614 0.1084832 0.1085139 0.1201125 0.1299579 0.4026187 0.1539146 0.1466866 0.3695408 0.0000000 0.1082713 0.1031709 0.1183328 0.1188988 0.1194012 0.1124566 0.1165288 0.1340375 0.1110283 0.1145297 0.1268179 0.1979430 0.2055236 0.1624654 0.1709345 0.1281736 0.2556613 0.1279532 0.1282072 0.1799659 0.1417490 0.1722543 0.1388715 0.1018962 0.1786081 0.1132132 0.1484228 0.1301980 0.1939631 0.3166238 0.1727619 0.1680164 0.1281834 0.1640890 0.1174321 0.1164526 0.1147927 0.1151603 0.1828380 0.1527025 0.1017619 0.1108908 0.4748646 0.1037332 0.1121511 0.1340405 0.1048851 0.1322861 0.1202548 0.1326706 0.1279089 0.0993660 0.3848984 0.1019433 0.1019433 0.1107908 0.0740066 0.0664335 0.1407909 0.1050924 0.1200220 0.1409478 0.1253439 0.1362908 0.1058140 0.1203919 0.1036499 0.1131538 0.1224789 0.1173073 0.1154210 0.1326593 0.3842567 0.1715576 0.1705328 0.1595259 0.1071090 0.1219091 0.1135093 0.1399683 0.1489215 0.1019433 0.1273463 0.1110776 0.2083682 0.1257766 0.1431754 0.1180004 0.1188930 0.1097551 0.3240726 0.1391848 0.1227443 0.1614378 0.1631786 0.1135093 0.1113455 0.1187081 0.1182040 0.1676275 0.1041693 0.1031480 0.1212611 0.1084248 0.1152765 0.1179195 0.1699960 0.1243899 0.1036018 0.1153571 0.1598014 0.1152040 0.1085133 0.1654078 0.1310572 0.3278065 0.1122287 0.1189061 0.1314672 0.1243421 0.1300402 0.1273359 0.1619491 0.3973201 0.1151210 0.1291964 0.1221483 0.1931855 0.1710230 0.1261462 0.1424931 0.1095819 0.1248357 0.1201254 0.1248816 0.5024924 0.3789293 0.1163555 0.0754098 0.1287371 0.1139476 0.1258280 0.1432811 0.1011112 0.1590928 0.1699042 0.1158305 0.2144413 0.1298467 0.1020853 0.1726363 0.1772595 0.1692815 0.3692697 0.1653353 
XM_008960213_2_PREDICTED_Pan_paniscus_RRAD_and_GEM_like_GTPase_2_REM2_transcript_variant_X1_mRNA_1                                0.1553363 0.0009794 0.0981875 0.1617692 0.0049382 0.1143799 0.0382727 0.3700726 0.0862265 0.1225416 0.0552478 0.0201318 0.0255427 0.1134914 0.1103591 0.3689657 0.1495651 0.1308648 0.3723854 0.1082713 0.0000000 0.0361621 0.0524101 0.1062879 0.1061471 0.0135921 0.1018949 0.1254989 0.1016866 0.1005983 0.1101683 0.1830722 0.2027293 0.1544354 0.1578089 0.1310371 0.2390825 0.1057911 0.1192289 0.1579798 0.1350458 0.1628631 0.1346712 0.0350863 0.1606165 0.0878314 0.1533548 0.1028707 0.1715974 0.2900987 0.1616745 0.1663278 0.1194581 0.1580102 0.1023565 0.1007279 0.1003710 0.1046242 0.1706685 0.1524835 0.0414048 0.1011707 0.4363504 0.0871157 0.0989227 0.1281807 0.0330865 0.1202933 0.0982034 0.1052323 0.1216797 0.0351012 0.2935636 0.0351012 0.0351012 0.0519330 0.0913582 0.0927242 0.1378147 0.0900466 0.1073885 0.1350610 0.1168355 0.1104605 0.0497531 0.1138913 0.0341694 0.1008060 0.1181722 0.0991974 0.1073265 0.1144086 0.3880632 0.1544949 0.1507130 0.1456106 0.0927258 0.1059205 0.1033000 0.0725689 0.1330583 0.0351012 0.1156375 0.0990690 0.1910831 0.1088090 0.1363255 0.1046159 0.0993940 0.0977940 0.3276902 0.1351952 0.1174801 0.1494100 0.1586287 0.1033000 0.0953140 0.1086725 0.1047931 0.1513563 0.0222998 0.0487365 0.1032778 0.0965583 0.1032487 0.1058756 0.1584827 0.1180488 0.0341549 0.1020703 0.1463913 0.1004770 0.0992270 0.1560142 0.1094034 0.3346077 0.0979000 0.1235260 0.1304748 0.1245317 0.1296953 0.1263740 0.1508330 0.3681650 0.1002548 0.1229350 0.1032283 0.1741599 0.1645376 0.1104637 0.1355049 0.0915423 0.1059381 0.1074778 0.1034026 0.4661993 0.3651426 0.1052171 0.0902448 0.1242589 0.0992646 0.1114685 0.1392620 0.0886722 0.1368845 0.1614340 0.1030442 0.2099192 0.1102665 0.0372960 0.1612007 0.1689235 0.1528397 0.3685546 0.1452991 
