175
NM_001192708_1_Bos_taurus_RRAD_and_GEM_like_GTPase_2_REM2_mRNA_2                                                                  0.0000000 0.1638750 0.1580698 0.0976970 0.1092702 0.1082427 0.1083625 0.0983932 0.1230821 0.1067605 0.1171634 0.0774511 0.0499464 0.0687106 0.0682070 0.0972743 0.1831883 0.1843711 0.1645512 0.1092230 0.0842697 0.1262646 0.1747005 0.1505277 0.1316970 0.1054252 0.0894053 0.1263526 0.1661056 0.1657354 0.0909213 0.1537229 0.0772224 0.0509130 0.0506748 0.0520285 0.3578186 0.1465017 0.1434957 0.1136418 0.0800534 0.1014418 0.1204641 0.1014034 0.1001359 0.1086250 0.0019714 0.0931723 0.1054804 0.1938761 0.1040595 0.1054804 0.1075633 0.0945638 0.0999734 0.1397524 0.0617101 0.0771312 0.1430187 0.0883635 0.0937383 0.1011459 0.0874591 0.1073352 0.0250212 0.0999536 0.0757493 0.0987452 0.0000010 0.1023958 0.0236805 0.3104390 0.0681625 0.1592355 0.1579689 0.1461350 0.0649607 0.0773801 0.0509947 0.1053538 0.1532477 0.0604386 0.1056948 0.0447609 0.0037041 0.1054804 0.0894053 0.0687055 0.0819796 0.0839192 0.1522568 0.1691691 0.0475195 0.1322465 0.0009839 0.0674737 0.3201496 0.1433594 0.0162125 0.1040949 0.1566373 0.1465691 0.3377036 0.0509947 0.0668291 0.0785326 0.0499035 0.0610139 0.1514233 0.0648204 0.0589420 0.3812407 0.1023945 0.1000692 0.0779651 0.0661839 0.0625301 0.0509716 0.0802558 0.1634306 0.0880485 0.1072786 0.1341219 0.0498382 0.1535884 0.0725232 0.1090160 0.0662561 0.1471089 0.0967843 0.3328794 0.0483994 0.0874851 0.1234911 0.1070032 0.1024001 0.1028655 0.1079937 0.1599505 0.3278575 0.0715191 0.0944194 0.0141023 0.0712940 0.1740873 0.1679517 0.0855353 0.1372082 0.0650781 0.0203061 0.0772823 0.0182207 0.3585416 0.3487257 0.1528197 0.1695012 0.0775168 0.1032088 0.1095892 0.0712663 0.0835054 0.1462335 0.0592484 0.1504428 0.1657352 0.0757878 0.1902833 0.0996120 0.1682588 0.1056640 0.1738992 0.1734916 0.1212706 0.3627557 0.1531014 
NM_022685_2_Rattus_norvegicus_RRAD_and_GEM_like_GTPase_2_Rem2_mRNA_1                                                              0.1638750 0.0000000 0.0589076 0.1670509 0.1706723 0.1747770 0.1790641 0.1851922 0.1843037 0.1678479 0.1808356 0.1739147 0.1570419 0.1755660 0.1611255 0.1888710 0.2175945 0.2528240 0.2003457 0.2088870 0.1888994 0.1634023 0.1151124 0.1808004 0.1760951 0.1693224 0.1782883 0.2122430 0.2560086 0.2528611 0.1869201 0.1101417 0.1750471 0.1654585 0.1690499 0.1547273 0.3886803 0.2289954 0.2331184 0.1805402 0.1986356 0.1612901 0.1209442 0.1712790 0.1698120 0.1750932 0.1669551 0.1893910 0.1662411 0.3070662 0.1694190 0.1694190 0.1697073 0.1701672 0.1681938 0.1749474 0.1559327 0.1730744 0.1801782 0.1754293 0.1861895 0.1683971 0.2024432 0.1736140 0.1672038 0.1664371 0.1728676 0.1725259 0.1617853 0.1265968 0.1760119 0.3589741 0.1855157 0.0532406 0.0589489 0.0892480 0.1689566 0.1778652 0.1605249 0.1743074 0.1904992 0.1511404 0.2096886 0.1551199 0.1515254 0.1694190 0.1797878 0.1770669 0.1976430 0.1767863 0.1784546 0.0934868 0.1604530 0.0908499 0.1638750 0.1754553 0.3725929 0.1762685 0.1660618 0.1879704 0.0580871 0.1072590 0.4121545 0.1635524 0.1686079 0.1685230 0.1608041 0.1648530 0.0552628 0.1743111 0.1606112 0.4118900 0.1733312 0.1703524 0.1876354 0.1705493 0.1715588 0.1604494 0.1852101 0.0078304 0.1819129 0.1704520 0.1684288 0.1605448 0.0566765 0.1759048 0.1745157 0.1707815 0.0966804 0.1916576 0.3621589 0.1660472 0.2020433 0.2051125 0.1832870 0.2117402 0.1986131 0.1677524 0.0855462 0.4247961 0.1712541 0.1909030 0.1652413 0.1773063 0.2235509 0.0923548 0.1791881 0.1755191 0.1500868 0.1710793 0.1734666 0.1679360 0.3683844 0.3927488 0.1543687 0.2857538 0.1772084 0.1653612 0.1975810 0.1742725 0.1920524 0.1808204 0.1497646 0.2012652 0.0966224 0.1729681 0.2793103 0.1850020 0.0954871 0.1665810 0.1007756 0.1058252 0.1794930 0.4127628 0.0663838 
NM_080726_3_Mus_musculus_rad_and_gem_related_GTP_binding_protein_2_Rem2_mRNA_1                                                    0.1580698 0.0589076 0.0000000 0.1596012 0.1707810 0.1685568 0.1713038 0.1843976 0.1872422 0.1650218 0.1785104 0.1692942 0.1469474 0.1737441 0.1622462 0.1811661 0.2162967 0.2564726 0.2070430 0.1986759 0.1823240 0.1596151 0.1061846 0.1726303 0.1847355 0.1664689 0.1797162 0.2148013 0.2439017 0.2362731 0.1844822 0.1024818 0.1734740 0.1550579 0.1571637 0.1461454 0.4071749 0.2371905 0.2336675 0.1863579 0.1935984 0.1555841 0.1131704 0.1637278 0.1622982 0.1674145 0.1610746 0.1823267 0.1665623 0.2899788 0.1665623 0.1665623 0.1722653 0.1819732 0.1786270 0.1717565 0.1502965 0.1715391 0.1719949 0.1765318 0.1948326 0.1662672 0.1987253 0.1659730 0.1709450 0.1559538 0.1682955 0.1734115 0.1579265 0.1303300 0.1698223 0.3787447 0.1864164 0.0130759 0.0314976 0.0813805 0.1689759 0.1777448 0.1502953 0.1702227 0.1908905 0.1484731 0.2013592 0.1492223 0.1417330 0.1665623 0.1781229 0.1769587 0.1844611 0.1750350 0.1703825 0.1047193 0.1502304 0.0810999 0.1594926 0.1753726 0.3877811 0.1682295 0.1670867 0.1875994 0.0495027 0.1017092 0.4150133 0.1532286 0.1656209 0.1670673 0.1505510 0.1642175 0.0435304 0.1730082 0.1697740 0.4320801 0.1657658 0.1684336 0.1873573 0.1705437 0.1702973 0.1531574 0.1866002 0.0613607 0.1828985 0.1628995 0.1637186 0.1503145 0.0461097 0.1758148 0.1682182 0.1707722 0.0914437 0.1749205 0.3861767 0.1542575 0.1984995 0.2045660 0.1813319 0.2076803 0.1962976 0.1663782 0.0899022 0.4277112 0.1712377 0.1838089 0.1594067 0.1707228 0.2206941 0.1035879 0.1773845 0.1738914 0.1456673 0.1635179 0.1719213 0.1604613 0.3985697 0.4167947 0.1586209 0.2805874 0.1725115 0.1739703 0.1969294 0.1742083 0.1917034 0.1726498 0.1500008 0.1908498 0.0989884 0.1714359 0.2815921 0.1842104 0.1023386 0.1652073 0.1005508 0.0930441 0.1742826 0.4297804 0.0540659 
NM_173527_3_Homo_sapiens_RRAD_and_GEM_like_GTPase_2_REM2_mRNA_1                                                                   0.0976970 0.1670509 0.1596012 0.0000000 0.0354883 0.0171538 0.0226094 0.1141555 0.1116780 0.0333465 0.0501554 0.1119295 0.0992645 0.1014364 0.1028957 0.1135478 0.1971760 0.2141395 0.1636780 0.1367880 0.1085335 0.1231117 0.1657492 0.1419459 0.1387589 0.0322555 0.1179683 0.1396214 0.1704251 0.1781825 0.1229855 0.1661241 0.1076547 0.0979726 0.0974757 0.1046876 0.3784147 0.1713411 0.1567727 0.1010040 0.1081220 0.0872737 0.1328679 0.0049424 0.0039498 0.0302339 0.1003193 0.1253102 0.0322705 0.1102403 0.0322705 0.0322705 0.0495511 0.0932786 0.0947633 0.1434767 0.0918290 0.1129116 0.1417459 0.1215615 0.1123357 0.0473266 0.1174820 0.0313277 0.1072282 0.0069573 0.1059692 0.1229527 0.0987286 0.1100352 0.1094145 0.3386226 0.1142481 0.1583641 0.1574054 0.1520820 0.0920213 0.1088000 0.1006635 0.0435189 0.1581541 0.0877814 0.1278718 0.1011964 0.0844835 0.0322705 0.1193068 0.0986907 0.1180102 0.1119592 0.1436512 0.1678733 0.1021422 0.1356609 0.0989611 0.0973475 0.3381472 0.1420834 0.1036967 0.1230675 0.1555985 0.1665656 0.3400277 0.1006635 0.0998827 0.1144206 0.1050984 0.0858089 0.1578091 0.1058039 0.1039402 0.3967071 0.0193501 0.0486083 0.1059463 0.0960545 0.1033220 0.1006167 0.1087723 0.1634303 0.1217503 0.0313131 0.1246281 0.0994670 0.1525726 0.1002894 0.0530838 0.0961675 0.1607260 0.1125249 0.3514351 0.0948926 0.1278468 0.1373497 0.1278915 0.1349809 0.1277384 0.0354890 0.1551010 0.3380365 0.1050841 0.1266422 0.1006099 0.1011066 0.1869584 0.1697698 0.1138061 0.1409338 0.0951652 0.1030736 0.1131456 0.1004205 0.3773265 0.3796089 0.1513364 0.2049773 0.1107930 0.0896750 0.1303866 0.0989229 0.1150974 0.1463651 0.0903611 0.1429411 0.1668276 0.1087009 0.2236477 0.1140460 0.1659945 0.0344962 0.1748189 0.1606405 0.1241196 0.3895627 0.1517829 
XM_001100692_4_PREDICTED_Macaca_mulatta_RRAD_and_GEM_like_GTPase_2_REM2_mRNA_1                                                    0.1092702 0.1706723 0.1707810 0.0354883 0.0000000 0.0311229 0.0344268 0.1104359 0.1070159 0.0059401 0.0544598 0.1044768 0.1066395 0.0953803 0.0995657 0.1072153 0.1868451 0.2060810 0.1533157 0.1333620 0.1119246 0.1193539 0.1588945 0.1384795 0.1289569 0.0029578 0.1102812 0.1251216 0.1524457 0.1705817 0.1152333 0.1587748 0.1015091 0.1053357 0.1020893 0.1149057 0.3693138 0.1678150 0.1476024 0.0989481 0.1265880 0.0892696 0.1292259 0.0387361 0.0376500 0.0141381 0.1119481 0.1175325 0.0049449 0.0955593 0.0049449 0.0049449 0.0503581 0.0915977 0.0890494 0.1366651 0.0925259 0.1040256 0.1367078 0.1152078 0.1229505 0.0481446 0.1208961 0.0131143 0.1142653 0.0387973 0.0998722 0.1210274 0.1104327 0.1079802 0.1173157 0.3266696 0.1160666 0.1606664 0.1536894 0.1421427 0.0900547 0.1080210 0.1108202 0.0261559 0.1464862 0.0872500 0.1268411 0.1048887 0.0934552 0.0049449 0.1115946 0.0953740 0.1118341 0.1057222 0.1342464 0.1636553 0.1095581 0.1277347 0.1105565 0.0940483 0.3254090 0.1370297 0.1114932 0.1237057 0.1579858 0.1592510 0.3596016 0.1081469 0.0940154 0.1028411 0.1125592 0.0964374 0.1555205 0.1113378 0.1088933 0.3802957 0.0299469 0.0494228 0.1051907 0.0940438 0.1088656 0.1053505 0.1079936 0.1640337 0.1225943 0.0131084 0.1181500 0.1096164 0.1549569 0.0982294 0.0562649 0.0941534 0.1489782 0.1228867 0.3291448 0.0994994 0.1299265 0.1349386 0.1256980 0.1301489 0.1227347 0.0099875 0.1497373 0.3619288 0.1017338 0.1161552 0.1083342 0.1003940 0.1767025 0.1655210 0.1075109 0.1341535 0.0874835 0.1108193 0.1015944 0.1081284 0.3651851 0.3710078 0.1358063 0.1989466 0.1019144 0.0878946 0.1281762 0.0968778 0.1129304 0.1412562 0.0872749 0.1346479 0.1627083 0.1025513 0.2012414 0.1103311 0.1587679 0.0069511 0.1613167 0.1551244 0.1351904 0.3712217 0.1570947 
XM_002824566_3_PREDICTED_Pongo_abelii_RRAD_and_GEM_like_GTPase_2_REM2_mRNA_1                                                      0.1082427 0.1747770 0.1685568 0.0171538 0.0311229 0.0000000 0.0226239 0.1126592 0.1130077 0.0311553 0.0513001 0.1118466 0.1073188 0.1013601 0.1042603 0.1120768 0.1953704 0.2159200 0.1592408 0.1382185 0.1112592 0.1176684 0.1720289 0.1421838 0.1301099 0.0300712 0.1207393 0.1364100 0.1641782 0.1782238 0.1270929 0.1692081 0.1075747 0.1060056 0.1054638 0.1156461 0.3729903 0.1751003 0.1580476 0.0968649 0.1159448 0.0872784 0.1328863 0.0202420 0.0192099 0.0302111 0.1109218 0.1266682 0.0300852 0.1151493 0.0300852 0.0300852 0.0483578 0.0946797 0.0921041 0.1432945 0.0956853 0.1113570 0.1403820 0.1270639 0.1222951 0.0461398 0.1202413 0.0291385 0.1129760 0.0202727 0.1058905 0.1272365 0.1093962 0.1086617 0.1175997 0.3348385 0.1142600 0.1644246 0.1572956 0.1535672 0.0959309 0.1115329 0.1115308 0.0422308 0.1553343 0.0903405 0.1292926 0.1068789 0.0971300 0.0300852 0.1220840 0.1013535 0.1177935 0.1118763 0.1408879 0.1742978 0.1102598 0.1387071 0.1095300 0.1000027 0.3326025 0.1407159 0.1117608 0.1287037 0.1616318 0.1696337 0.3457710 0.1115308 0.1025160 0.1101589 0.1132846 0.0947231 0.1607621 0.1099349 0.1086663 0.3811983 0.0183235 0.0474137 0.1086608 0.0999978 0.1074396 0.1086968 0.1115048 0.1680494 0.1260340 0.0291250 0.1246435 0.1103189 0.1585716 0.1042735 0.0542645 0.1001162 0.1637461 0.1223422 0.3412789 0.1028413 0.1306733 0.1431872 0.1336030 0.1377835 0.1247937 0.0332874 0.1627641 0.3437801 0.1023725 0.1307630 0.1085924 0.1064504 0.1851861 0.1762269 0.1137216 0.1407540 0.0948642 0.1110836 0.1088927 0.1083856 0.3673835 0.3742156 0.1482879 0.2052134 0.1092399 0.0882957 0.1361067 0.1028958 0.1151098 0.1449910 0.0929342 0.1415149 0.1761762 0.1086204 0.2197494 0.1125513 0.1723865 0.0322945 0.1781218 0.1582901 0.1298062 0.3720883 0.1577973 
XM_003260595_2_PREDICTED_Nomascus_leucogenys_RRAD_and_GEM_like_GTPase_2_REM2_mRNA_1                                               0.1083625 0.1790641 0.1713038 0.0226094 0.0344268 0.0226239 0.0000000 0.1114360 0.1127771 0.0344628 0.0560778 0.1134527 0.1016270 0.1029212 0.1043774 0.1136872 0.1957636 0.2164258 0.1633228 0.1449859 0.1088130 0.1185553 0.1676080 0.1445354 0.1298285 0.0333679 0.1195216 0.1384100 0.1660915 0.1784203 0.1296813 0.1662017 0.1076958 0.1003327 0.0998242 0.1098262 0.3869083 0.1739534 0.1565093 0.0957653 0.1168739 0.0847806 0.1338587 0.0257711 0.0247141 0.0335241 0.1110443 0.1320095 0.0333835 0.1181320 0.0333835 0.0333835 0.0553950 0.0947867 0.0948770 0.1420475 0.0902100 0.1129545 0.1427273 0.1316116 0.1224332 0.0531451 0.1190282 0.0324422 0.1117514 0.0268722 0.1060096 0.1317906 0.1095182 0.1097432 0.1177300 0.3427745 0.1167376 0.1670624 0.1597916 0.1521081 0.0947491 0.1057978 0.1044674 0.0460587 0.1517335 0.0878149 0.1310404 0.1007937 0.0971213 0.0333835 0.1208649 0.1001635 0.1238999 0.1134825 0.1418400 0.1662849 0.1045146 0.1346097 0.1096510 0.0988146 0.3397160 0.1430664 0.1118849 0.1289591 0.1643480 0.1666570 0.3550380 0.1044674 0.0999207 0.1117530 0.1074818 0.1027513 0.1634646 0.1108444 0.1093249 0.3890175 0.0059779 0.0544619 0.1047540 0.0960855 0.1083567 0.1016873 0.1075758 0.1722961 0.1261752 0.0324270 0.1228614 0.1045701 0.1612797 0.1030773 0.0542852 0.0961986 0.1623223 0.1204657 0.3558417 0.0972371 0.1294410 0.1390196 0.1338691 0.1444640 0.1288385 0.0355285 0.1582806 0.3530318 0.1036929 0.1333528 0.1087129 0.1025857 0.1870998 0.1681582 0.1153426 0.1395075 0.0966074 0.1097604 0.1104820 0.1085057 0.3945162 0.3834490 0.1515281 0.2086646 0.1108354 0.0910436 0.1363768 0.1017017 0.1123839 0.1443353 0.0903956 0.1401591 0.1714560 0.1087423 0.2231000 0.1141882 0.1667294 0.0356185 0.1724396 0.1630910 0.1283114 0.3964401 0.1605142 
XM_003420937_2_PREDICTED_Loxodonta_africana_RRAD_and_GEM_like_GTPase_2_REM2_transcript_variant_X1_mRNA_1                          0.0983932 0.1851922 0.1843976 0.1141555 0.1104359 0.1126592 0.1114360 0.0000000 0.1375625 0.1078401 0.1305085 0.1159353 0.1098531 0.1074654 0.1041228 0.0970254 0.2123175 0.1996976 0.1906741 0.1498144 0.1116020 0.1525615 0.1814770 0.1768003 0.1543578 0.1064582 0.1237104 0.1567087 0.1120788 0.1165937 0.1251027 0.1740922 0.1127520 0.1078991 0.1031277 0.1067107 0.3596110 0.1720978 0.0925160 0.1149397 0.1298114 0.1177581 0.1376291 0.1153186 0.1139720 0.1112708 0.1011035 0.1274900 0.1065159 0.2426341 0.1065159 0.1065159 0.1230838 0.1188617 0.1155742 0.1568552 0.0896916 0.1154098 0.1654745 0.1221564 0.1348755 0.1177104 0.1197620 0.1099318 0.1011473 0.1165188 0.1137653 0.1350233 0.0994665 0.1215006 0.1069276 0.3098298 0.1189963 0.1809396 0.1733477 0.1578279 0.1046328 0.1109726 0.1094690 0.1137225 0.1777350 0.0895208 0.0617138 0.1044813 0.0903516 0.1065159 0.1251057 0.1061009 0.1260479 0.1187924 0.1769352 0.1780768 0.1095199 0.1442335 0.0996994 0.1046960 0.3173807 0.1690141 0.1043642 0.1337967 0.1700801 0.1680593 0.3689008 0.1094690 0.1035205 0.1199044 0.1097470 0.1100719 0.1684587 0.1185045 0.1161039 0.3871554 0.1066655 0.1165966 0.1046615 0.1060368 0.1174675 0.1094168 0.1104930 0.1828616 0.1217718 0.1098718 0.1501139 0.1095803 0.1732114 0.1062116 0.1290700 0.1061675 0.1621747 0.1291444 0.3342440 0.1004454 0.1244376 0.1440412 0.1339322 0.1420675 0.1084746 0.1076288 0.1614818 0.3611291 0.1074314 0.1288609 0.1029635 0.1062397 0.2131329 0.1800917 0.1207506 0.1571324 0.0991162 0.1040190 0.1156571 0.1012742 0.4088394 0.3554295 0.1574622 0.1191630 0.1160395 0.1151403 0.1398255 0.1075572 0.1203588 0.1703706 0.0882021 0.1629834 0.1744667 0.1123085 0.2054208 0.0019765 0.1728460 0.1047522 0.1739668 0.1831715 0.1478446 0.3805259 0.1771830 
XM_003801909_3_PREDICTED_Otolemur_garnettii_RRAD_and_GEM_like_GTPase_2_REM2_mRNA_1                                                0.1230821 0.1843037 0.1872422 0.1116780 0.1070159 0.1130077 0.1127771 0.1375625 0.0000000 0.1071408 0.1238737 0.1249171 0.1220813 0.1161785 0.1195828 0.1334428 0.2143185 0.2237863 0.1735238 0.1349506 0.1346367 0.1346216 0.1916014 0.1494496 0.1464402 0.1057836 0.1326139 0.1404629 0.1854358 0.1805106 0.1346830 0.1742518 0.1232233 0.1221420 0.1200669 0.1207776 0.3923239 0.1804180 0.1622089 0.1156659 0.1276756 0.1077915 0.1413569 0.1128181 0.1115020 0.1090375 0.1258973 0.1342200 0.1030948 0.2130441 0.1058400 0.1058400 0.1153032 0.0762409 0.0682957 0.1484904 0.1096311 0.1259061 0.1487543 0.1318727 0.1408177 0.1100585 0.1265811 0.1077266 0.1314532 0.1173443 0.1185913 0.1283574 0.1227055 0.1200139 0.1397124 0.3344693 0.1261419 0.1820894 0.1806533 0.1694631 0.1119010 0.1279048 0.1187610 0.1147511 0.1633310 0.1066371 0.1423075 0.1191652 0.1188659 0.1058400 0.1340178 0.1162719 0.1340455 0.1319848 0.1511792 0.1836606 0.1238259 0.1551781 0.1244286 0.1148486 0.3394452 0.1467820 0.1249386 0.1290596 0.1702455 0.1730431 0.3799918 0.1187610 0.1164832 0.1246620 0.1240848 0.1035695 0.1771144 0.1398983 0.1322493 0.3909615 0.1080894 0.1071762 0.1273920 0.1133143 0.1372644 0.1208940 0.1236282 0.1805274 0.1309767 0.1076689 0.1391991 0.1209784 0.1685807 0.1207474 0.1196322 0.1134543 0.1756975 0.1380741 0.3494986 0.1173236 0.1249669 0.1387543 0.1311060 0.1370660 0.1335032 0.1056362 0.1720270 0.3725686 0.1203386 0.1356027 0.1279438 0.1173203 0.2085423 0.1824324 0.1326255 0.1502697 0.1148381 0.1308577 0.1261770 0.1309114 0.3976888 0.3971541 0.1669110 0.2197570 0.1221876 0.0778286 0.1358150 0.1192913 0.1328421 0.1511084 0.1053526 0.1696249 0.1809100 0.1214650 0.2348724 0.1374266 0.1841696 0.1060272 0.1856720 0.1806978 0.1488492 0.3899394 0.1749027 
XM_003901565_5_PREDICTED_Papio_anubis_RRAD_and_GEM_like_GTPase_2_REM2_mRNA_1                                                      0.1067605 0.1678479 0.1650218 0.0333465 0.0059401 0.0311553 0.0344628 0.1078401 0.1071408 0.0000000 0.0521965 0.1033029 0.1026798 0.0954911 0.0983448 0.1046714 0.1870830 0.2046746 0.1564550 0.1335246 0.1120564 0.1194928 0.1561067 0.1400245 0.1275696 0.0029607 0.1104107 0.1267554 0.1556187 0.1645081 0.1126884 0.1543557 0.1003414 0.1040219 0.0981830 0.1108797 0.3744314 0.1664361 0.1447946 0.0964430 0.1240481 0.0842676 0.1280284 0.0365831 0.0355008 0.0120981 0.1094283 0.1149869 0.0029620 0.0956616 0.0029620 0.0029620 0.0481378 0.0917026 0.0891512 0.1368278 0.0900732 0.1028568 0.1339314 0.1126635 0.1216745 0.0459305 0.1237894 0.0110772 0.1114532 0.0366407 0.0987093 0.1224914 0.1078953 0.1080369 0.1147492 0.3271973 0.1135040 0.1593114 0.1480891 0.1423182 0.0901587 0.1081481 0.1068243 0.0238378 0.1450430 0.0848217 0.1241358 0.1034510 0.0904049 0.0009841 0.1117256 0.0954847 0.1119852 0.1058454 0.1357780 0.1608021 0.1055691 0.1250383 0.1080429 0.0941574 0.3258945 0.1342459 0.1089570 0.1210724 0.1552590 0.1548545 0.3551695 0.1068243 0.0928652 0.1043175 0.1085386 0.0929559 0.1528158 0.1087779 0.1044367 0.3854838 0.0299779 0.0471975 0.1053141 0.0941528 0.1063100 0.1040358 0.1081206 0.1642342 0.1199611 0.0110722 0.1167980 0.1056252 0.1522410 0.0957127 0.0563258 0.0942627 0.1476394 0.1202718 0.3296407 0.0956109 0.1328893 0.1322409 0.1244857 0.1331484 0.1201233 0.0079759 0.1470058 0.3574941 0.1005774 0.1136151 0.1058194 0.1005106 0.1800894 0.1626563 0.1076368 0.1343134 0.0844495 0.1082992 0.1030667 0.1056189 0.3688455 0.3761035 0.1388388 0.1971807 0.1007419 0.0879951 0.1283297 0.0943668 0.1130646 0.1384544 0.0873741 0.1333134 0.1599166 0.1013855 0.2049314 0.1077378 0.1559362 0.0049568 0.1585069 0.1523366 0.1324889 0.3763144 0.1543612 
XM_003924335_3_PREDICTED_Saimiri_boliviensis_boliviensis_RRAD_and_GEM_like_GTPase_2_REM2_mRNA_1                                   0.1171634 0.1808356 0.1785104 0.0501554 0.0544598 0.0513001 0.0560778 0.1305085 0.1238737 0.0521965 0.0000000 0.1286651 0.1131201 0.1096109 0.1156117 0.1225404 0.2000861 0.2333551 0.1798450 0.1583382 0.1216591 0.1323930 0.1763874 0.1567706 0.1610695 0.0510301 0.1248938 0.1417115 0.1837587 0.1925782 0.1336788 0.1776386 0.1239519 0.1131786 0.1083864 0.1216710 0.3840034 0.1885247 0.1658754 0.1133020 0.1308718 0.0988997 0.1375637 0.0535916 0.0524420 0.0536482 0.1199379 0.1360542 0.0510549 0.1546496 0.0487132 0.0510549 0.0246636 0.1111442 0.1043495 0.1533192 0.1053402 0.1280796 0.1550963 0.1322748 0.1379186 0.0225732 0.1351775 0.0524975 0.1283144 0.0536805 0.1207727 0.1403790 0.1168467 0.1260353 0.1269509 0.3355039 0.1274920 0.1794951 0.1669001 0.1562563 0.1012313 0.1233495 0.1146878 0.0666445 0.1788235 0.1025316 0.1485697 0.1215571 0.1149439 0.0510549 0.1262609 0.1067823 0.1382928 0.1221613 0.1554482 0.1821408 0.1161485 0.1455361 0.1171634 0.1054000 0.3454566 0.1554751 0.1208704 0.1414559 0.1703569 0.1789426 0.3692791 0.1174489 0.1171347 0.1296812 0.1192663 0.1017366 0.1664496 0.1214660 0.1235134 0.3965236 0.0499267 0.0236962 0.1203531 0.1053947 0.1189026 0.1173937 0.1233191 0.1770713 0.1386293 0.0524717 0.1368654 0.1162120 0.1705346 0.1097801 0.0311778 0.1055221 0.1726600 0.1361605 0.3636385 0.1057141 0.1447140 0.1534851 0.1495968 0.1522437 0.1366759 0.0521416 0.1713275 0.3679669 0.1182043 0.1374305 0.1183513 0.1125100 0.1896095 0.1825859 0.1241123 0.1506946 0.1177055 0.1172757 0.1283542 0.1144974 0.3976035 0.3874513 0.1541714 0.2375832 0.1239685 0.1005625 0.1491794 0.1083699 0.1226074 0.1569144 0.1024768 0.1538128 0.1812063 0.1236427 0.2129652 0.1303800 0.1801632 0.0534568 0.1848554 0.1610229 0.1408205 0.3944406 0.1634846 
XM_003987456_6_PREDICTED_Felis_catus_RRAD_and_GEM_like_GTPase_2_REM2_mRNA_1                                                       0.0774511 0.1739147 0.1692942 0.1119295 0.1044768 0.1118466 0.1134527 0.1159353 0.1249171 0.1033029 0.1286651 0.0000000 0.0814444 0.0544864 0.0721975 0.1064067 0.1780129 0.1920820 0.1648034 0.1172491 0.0695232 0.1417723 0.1743965 0.1584598 0.1474201 0.1032480 0.0705077 0.1342381 0.1768365 0.1710513 0.0859273 0.1588945 0.0080499 0.0784930 0.0768728 0.0836725 0.3481049 0.1522606 0.1538243 0.1098627 0.1081744 0.1077805 0.1343018 0.1103668 0.1090542 0.1064751 0.0774729 0.0882035 0.1033029 0.2184057 0.1033029 0.1033029 0.1128065 0.0974603 0.0988805 0.1391451 0.0606649 0.0070022 0.1540026 0.0885446 0.1124725 0.1144737 0.0895728 0.1051694 0.0783934 0.1116992 0.0070151 0.0969267 0.0782558 0.1039307 0.0864447 0.2965971 0.0907760 0.1685889 0.1621727 0.1476711 0.0508966 0.0605346 0.0784712 0.1089498 0.1599290 0.0593711 0.1289242 0.0784185 0.0687108 0.1033029 0.0717215 0.0521134 0.0104509 0.0640234 0.1571076 0.1810656 0.0812118 0.1350195 0.0786725 0.0509240 0.3140671 0.1527157 0.0789740 0.1113134 0.1600602 0.1562867 0.3494562 0.0784712 0.0337326 0.0069859 0.0813697 0.0620610 0.1565783 0.0891195 0.0994119 0.3623766 0.1101962 0.1133753 0.0645862 0.0520853 0.0867039 0.0786018 0.0631136 0.1734309 0.0890902 0.1051132 0.1548082 0.0798978 0.1599374 0.0570360 0.1243605 0.0521409 0.1566438 0.1098625 0.3266296 0.0743913 0.0895266 0.1263714 0.1133298 0.1137861 0.1048378 0.1044839 0.1701914 0.3447056 0.0358940 0.0894579 0.0816050 0.0557960 0.1758274 0.1798254 0.0654984 0.1381820 0.0087656 0.0842437 0.0049750 0.0816791 0.3778616 0.3367719 0.1628154 0.2033003 0.0060143 0.1009196 0.1126875 0.0558190 0.0697159 0.1520498 0.0557670 0.1543945 0.1744757 0.0070182 0.1976187 0.1172034 0.1758519 0.1020465 0.1755811 0.1705112 0.1263310 0.3633083 0.1641361 
XM_004283191_4_PREDICTED_Orcinus_orca_RRAD_and_GEM_like_GTPase_2_LOC101284288_transcript_variant_X1_mRNA_1                        0.0499464 0.1570419 0.1469474 0.0992645 0.1066395 0.1073188 0.1016270 0.1098531 0.1220813 0.1026798 0.1131201 0.0814444 0.0000000 0.0699279 0.0693514 0.1050143 0.1865017 0.1774340 0.1585064 0.1078795 0.0858013 0.1218201 0.1546124 0.1490765 0.1223737 0.1027681 0.0950268 0.1269471 0.1694987 0.1757922 0.0946183 0.1407654 0.0786614 0.0163988 0.0173868 0.0173790 0.3726413 0.1560868 0.1519207 0.1073270 0.0758928 0.0908381 0.1173935 0.1057746 0.1044783 0.1059754 0.0522730 0.0955735 0.1028224 0.1932990 0.1028224 0.1028224 0.1049807 0.0975134 0.1059076 0.1336505 0.0612484 0.0811005 0.1414144 0.0920128 0.1023572 0.1024602 0.0913058 0.1046767 0.0558736 0.1015560 0.0771545 0.0948168 0.0504435 0.0994002 0.0614669 0.3105524 0.0614019 0.1507248 0.1438326 0.1393184 0.0648544 0.0774760 0.0070236 0.1089952 0.1390530 0.0599646 0.1227185 0.0088449 0.0413720 0.1013951 0.0950268 0.0661340 0.0893778 0.0893623 0.1508138 0.1542236 0.0019847 0.1268640 0.0510860 0.0648904 0.3223274 0.1417533 0.0527041 0.1061699 0.1455373 0.1309855 0.3484011 0.0070236 0.0704589 0.0825455 0.0039893 0.0637850 0.1404490 0.0629313 0.0640539 0.3915965 0.0998042 0.1041267 0.0793723 0.0635905 0.0606293 0.0070204 0.0804509 0.1580595 0.0935706 0.1046210 0.1246007 0.0019856 0.1483268 0.0671212 0.1091281 0.0636607 0.1328903 0.0953921 0.3290346 0.0153033 0.0913337 0.1220553 0.1138677 0.1113061 0.1069033 0.1053539 0.1457479 0.3383825 0.0740493 0.0968392 0.0489494 0.0737942 0.1793501 0.1530028 0.0897674 0.1311020 0.0690386 0.0548941 0.0812629 0.0525351 0.3768904 0.3654152 0.1468830 0.1707585 0.0815148 0.0996662 0.1117221 0.0687168 0.0859899 0.1446423 0.0587624 0.1469993 0.1557530 0.0771944 0.2000630 0.1111072 0.1563596 0.1003637 0.1560410 0.1557901 0.1158255 0.3725882 0.1429817 
XM_004402108_1_PREDICTED_Odobenus_rosmarus_divergens_RAS_RAD_and_GEM_like_GTP_binding_2_REM2_mRNA_1                               0.0687106 0.1755660 0.1737441 0.1014364 0.0953803 0.1013601 0.1029212 0.1074654 0.1161785 0.0954911 0.1096109 0.0544864 0.0699279 0.0000000 0.0622558 0.0978097 0.1734869 0.1598076 0.1576541 0.1123769 0.0316695 0.1261980 0.1726605 0.1400206 0.1277181 0.0941637 0.0421015 0.1127984 0.1734154 0.1597086 0.0875340 0.1626323 0.0496216 0.0683610 0.0655771 0.0721405 0.3636695 0.1438348 0.1467161 0.1016124 0.0870160 0.0941556 0.1246689 0.1053350 0.1040296 0.0945852 0.0711767 0.0871778 0.0942134 0.1930657 0.0942134 0.0942134 0.0932838 0.0897974 0.0837800 0.1250834 0.0569373 0.0519091 0.1341269 0.0901691 0.0958060 0.0948338 0.0867558 0.0933046 0.0744384 0.1037484 0.0483068 0.0903102 0.0694179 0.0969784 0.0799772 0.2929889 0.0815986 0.1752115 0.1658078 0.1512777 0.0132492 0.0305279 0.0683899 0.1064374 0.1485941 0.0556620 0.1015379 0.0703776 0.0644904 0.0942134 0.0432274 0.0100994 0.0606267 0.0374188 0.1370950 0.1722082 0.0697315 0.1361706 0.0699107 0.0090757 0.3058036 0.1328608 0.0676732 0.1033106 0.1633486 0.1552763 0.3512076 0.0683899 0.0480387 0.0555622 0.0724132 0.0155586 0.1640835 0.0829174 0.0808505 0.3660643 0.0983391 0.0991957 0.0272908 0.0142901 0.0789144 0.0644599 0.0327120 0.1782083 0.0953136 0.0959575 0.1376920 0.0697673 0.1662582 0.0195853 0.1041248 0.0143038 0.1603146 0.1016235 0.3182816 0.0631563 0.0867110 0.1189951 0.1170518 0.1109042 0.0963805 0.0980079 0.1668397 0.3410344 0.0445030 0.0910822 0.0702213 0.0250079 0.1666084 0.1709724 0.0386870 0.1241002 0.0417341 0.0765410 0.0520081 0.0740237 0.3757687 0.3518476 0.1503266 0.1755519 0.0545324 0.0904391 0.1087423 0.0185224 0.0363530 0.1357310 0.0520951 0.1408345 0.1743607 0.0483306 0.1774770 0.1087204 0.1702666 0.0943777 0.1743153 0.1632951 0.1140722 0.3666415 0.1628403 
XM_004421250_2_PREDICTED_Ceratotherium_simum_simum_RAS_RAD_and_GEM_like_GTP_binding_2_LOC101388298_transcript_variant_X1_mRNA_1   0.0682070 0.1611255 0.1622462 0.1028957 0.0995657 0.1042603 0.1043774 0.1041228 0.1195828 0.0983448 0.1156117 0.0721975 0.0693514 0.0622558 0.0000000 0.0995390 0.1780786 0.1854703 0.1624464 0.1100676 0.0725851 0.1211825 0.1649452 0.1491190 0.1327430 0.0970231 0.0828790 0.1099280 0.1655318 0.1752757 0.0865580 0.1603435 0.0695067 0.0666006 0.0662355 0.0690313 0.3756462 0.1399737 0.1428787 0.1072691 0.0873208 0.0953138 0.1204142 0.1040233 0.1027356 0.0988673 0.0706532 0.0862097 0.0970740 0.2130381 0.0970740 0.0970740 0.1059732 0.0981957 0.0938539 0.1342780 0.0469331 0.0694236 0.1450714 0.0865399 0.1011300 0.1048213 0.0899789 0.0975893 0.0783323 0.1025458 0.0656118 0.0862806 0.0689038 0.0995119 0.0802632 0.3102579 0.0818024 0.1593986 0.1591669 0.1466244 0.0585665 0.0712150 0.0691269 0.1049747 0.1452598 0.0457137 0.1119416 0.0696360 0.0635586 0.0970740 0.0841358 0.0573583 0.0802766 0.0774232 0.1492220 0.1666563 0.0691582 0.1312560 0.0693977 0.0561443 0.3239975 0.1454221 0.0737752 0.1048601 0.1593600 0.1546910 0.3563742 0.0691269 0.0651830 0.0695331 0.0692891 0.0622683 0.1495121 0.0847586 0.0862427 0.3950709 0.0998236 0.1037354 0.0663616 0.0597877 0.0823690 0.0690949 0.0736954 0.1659811 0.0856827 0.1002403 0.1301938 0.0691934 0.1556108 0.0661042 0.1073504 0.0598530 0.1534538 0.0921988 0.3404860 0.0638308 0.0925963 0.1225435 0.1122431 0.1133828 0.1066496 0.1022655 0.1654934 0.3430843 0.0650969 0.0900658 0.0672719 0.0648242 0.1775495 0.1654254 0.0790133 0.1317174 0.0594873 0.0772946 0.0683465 0.0747881 0.3798550 0.3734928 0.1438783 0.1835238 0.0722595 0.0997505 0.1165884 0.0648496 0.0795620 0.1497751 0.0445557 0.1406698 0.1666020 0.0680962 0.1870039 0.1040240 0.1631466 0.0928970 0.1802170 0.1626915 0.1214714 0.3929271 0.1633816 
XM_004474567_2_PREDICTED_Dasypus_novemcinctus_RRAD_and_GEM_like_GTPase_2_REM2_mRNA_1                                              0.0972743 0.1888710 0.1811661 0.1135478 0.1072153 0.1120768 0.1136872 0.0970254 0.1334428 0.1046714 0.1225404 0.1064067 0.1050143 0.0978097 0.0995390 0.0000000 0.1758482 0.1874443 0.1763514 0.1363191 0.1077876 0.1370090 0.1825542 0.1591211 0.1483887 0.1033194 0.1213430 0.1416368 0.1538556 0.1575121 0.1165750 0.1743518 0.1060631 0.1077117 0.1030054 0.1050609 0.3509412 0.1719493 0.1341414 0.1227577 0.1113835 0.1056025 0.1396590 0.1146925 0.1133681 0.1052359 0.0999502 0.1133583 0.1033744 0.2291627 0.1033744 0.1033744 0.1097169 0.1091842 0.1094120 0.1482812 0.0909281 0.1059330 0.1536248 0.1165485 0.1229525 0.1057003 0.1182441 0.1039315 0.1072686 0.1158735 0.1016417 0.1311964 0.0983232 0.1149980 0.1061805 0.3026323 0.1153525 0.1838614 0.1733959 0.1655477 0.0952047 0.1124310 0.1079323 0.1153824 0.1668915 0.0894809 0.0982673 0.1029688 0.0982749 0.1033744 0.1227237 0.1007206 0.1124811 0.1151272 0.1567770 0.1829158 0.1079819 0.1491208 0.0985644 0.0993463 0.3105326 0.1531276 0.1005389 0.1338694 0.1778250 0.1667670 0.3480002 0.1079323 0.0983245 0.1074465 0.1082025 0.0878482 0.1710027 0.1100503 0.1099172 0.3638755 0.1089559 0.1047537 0.1037648 0.0993413 0.1075240 0.1078814 0.1138332 0.1883403 0.1308678 0.1066428 0.1379770 0.1080405 0.1793503 0.1022143 0.1134108 0.0994611 0.1702007 0.1286779 0.3205750 0.1003587 0.1230158 0.1525407 0.1418548 0.1397056 0.0703344 0.1086783 0.1814677 0.3373623 0.1062420 0.1175143 0.1017812 0.1064838 0.1766498 0.1849389 0.1170459 0.1456987 0.1006244 0.1027678 0.1061558 0.1000597 0.3488348 0.3421877 0.1629936 0.1668810 0.1065013 0.1083098 0.1398418 0.1008181 0.1173474 0.1561305 0.0881630 0.1592728 0.1876080 0.1044080 0.1923253 0.0969341 0.1809115 0.1035568 0.1891026 0.1834547 0.1306347 0.3504467 0.1787615 
XM_004584677_1_PREDICTED_Ochotona_princeps_RRAD_and_GEM_like_GTPase_2_REM2_mRNA_1                                                 0.1831883 0.2175945 0.2162967 0.1971760 0.1868451 0.1953704 0.1957636 0.2123175 0.2143185 0.1870830 0.2000861 0.1780129 0.1865017 0.1734869 0.1780786 0.1758482 0.0000000 0.2362912 0.2369841 0.2124705 0.1852674 0.2100128 0.2173285 0.2331580 0.2068580 0.1886425 0.1863448 0.2079486 0.2732999 0.2520719 0.1970864 0.2109484 0.1742880 0.1815464 0.1838376 0.1881918 0.3577746 0.2305159 0.2344055 0.2058975 0.2162524 0.1791521 0.1879817 0.1967293 0.1951708 0.1962872 0.1832517 0.2026521 0.1869288 0.3518087 0.1853675 0.1887546 0.1887190 0.1963117 0.1889286 0.2059282 0.1616148 0.1757299 0.2276774 0.1993298 0.2119887 0.1890110 0.2029508 0.1947216 0.1903339 0.2012616 0.1688792 0.2007640 0.1832232 0.1698310 0.1813044 0.3079342 0.2054320 0.2147129 0.2061016 0.1950112 0.1710632 0.1761583 0.1917754 0.2018816 0.2253696 0.1606080 0.2328442 0.1872599 0.1689425 0.1887546 0.1846472 0.1718282 0.2019660 0.1770294 0.2283635 0.2239064 0.1902694 0.1926889 0.1847198 0.1701979 0.3241489 0.2251281 0.1833707 0.2065988 0.2156401 0.2147208 0.3604799 0.1917754 0.1664542 0.1741501 0.1923119 0.1816904 0.2014295 0.1869517 0.1946072 0.3645288 0.1919860 0.1894760 0.1805657 0.1727029 0.1841129 0.1884143 0.1841466 0.2169696 0.2080234 0.1913525 0.2131526 0.1903843 0.2156907 0.1748313 0.1923873 0.1729448 0.2112403 0.2065509 0.3391747 0.1822128 0.2032617 0.2157417 0.2082620 0.2228427 0.1841050 0.1882537 0.2160440 0.3607457 0.1716662 0.2042320 0.1841598 0.1714163 0.0269690 0.2226747 0.1752251 0.2031228 0.1613429 0.1794351 0.1711292 0.1761696 0.3445278 0.3633168 0.2034195 0.2969895 0.1749527 0.1907782 0.2122757 0.1731607 0.1829581 0.2285348 0.1574532 0.2020455 0.2170233 0.1721579 0.2553345 0.2120910 0.2213885 0.1891410 0.2093431 0.2100937 0.1415808 0.3703002 0.2085585 
XM_004609481_1_PREDICTED_Sorex_araneus_RAS_RAD_and_GEM_like_GTP_binding_2_REM2_mRNA_1                                             0.1843711 0.2528240 0.2564726 0.2141395 0.2060810 0.2159200 0.2164258 0.1996976 0.2237863 0.2046746 0.2333551 0.1920820 0.1774340 0.1598076 0.1854703 0.1874443 0.2362912 0.0000000 0.2673458 0.2105098 0.1943127 0.2255576 0.2518562 0.2561141 0.2391549 0.2045433 0.1826110 0.2344500 0.2630924 0.2564585 0.1998804 0.2439096 0.1922651 0.1705036 0.1660942 0.1794884 0.3892697 0.2247495 0.2212835 0.1980772 0.2522954 0.2066840 0.2252068 0.2190395 0.2173240 0.2073933 0.1878588 0.2040023 0.2046746 0.3798522 0.2046746 0.2026615 0.2091962 0.1979437 0.2015579 0.2184572 0.1744776 0.1885251 0.2531092 0.2015212 0.2178937 0.2113293 0.2143876 0.2056954 0.1877337 0.2206323 0.1897733 0.2119653 0.1844179 0.1983678 0.1861784 0.3326660 0.1983716 0.2554067 0.2344827 0.2299444 0.1693530 0.1780420 0.1868510 0.2095366 0.2557376 0.1740866 0.2132033 0.1793723 0.1573345 0.2046746 0.1842583 0.1651668 0.2218397 0.1780540 0.2627230 0.2539272 0.1813586 0.2216436 0.1860107 0.1634751 0.3322106 0.2521602 0.1852549 0.2083615 0.2472276 0.2399308 0.3597689 0.1833992 0.1787259 0.1913318 0.1818037 0.1990595 0.2444817 0.1835755 0.1762327 0.3930016 0.2134902 0.2122161 0.1875547 0.1710694 0.1805657 0.1867551 0.1921915 0.2556146 0.1910623 0.2020301 0.2375356 0.1814743 0.2504022 0.1750430 0.2265823 0.1713204 0.2201411 0.2083040 0.3308159 0.1628222 0.2141194 0.2301988 0.2260621 0.2035101 0.1682760 0.2079497 0.2406322 0.3669536 0.1774598 0.2056859 0.1907321 0.1752810 0.2411587 0.2526195 0.1761507 0.2165660 0.1651792 0.1882918 0.1880701 0.1883791 0.4322503 0.4003327 0.2340080 0.2872552 0.1950595 0.1933678 0.2179858 0.1732884 0.1943036 0.2508242 0.1723636 0.2290226 0.2456798 0.1898948 0.1435839 0.2012181 0.2475798 0.2051296 0.2448145 0.2590154 0.1933058 0.3906810 0.2482675 
XM_004646648_2_PREDICTED_Octodon_degus_RRAD_and_GEM_like_GTPase_2_Rem2_transcript_variant_X1_mRNA_1                               0.1645512 0.2003457 0.2070430 0.1636780 0.1533157 0.1592408 0.1633228 0.1906741 0.1735238 0.1564550 0.1798450 0.1648034 0.1585064 0.1576541 0.1624464 0.1763514 0.2369841 0.2673458 0.0000000 0.1934239 0.1733524 0.0865245 0.2160429 0.1640848 0.0805124 0.1549403 0.1708684 0.2080081 0.2227452 0.2317898 0.1699608 0.1921906 0.1660273 0.1553062 0.1573085 0.1610084 0.4108252 0.2092773 0.2021668 0.1828272 0.1902124 0.1505756 0.1526641 0.1634089 0.1619601 0.1636221 0.1661791 0.1709866 0.1550275 0.2889585 0.1550275 0.1550275 0.1648899 0.1686687 0.1650729 0.1576052 0.1501410 0.1689368 0.1640775 0.1651413 0.1750802 0.1666171 0.1813855 0.1621715 0.1824782 0.1617621 0.1607992 0.1795237 0.1664580 0.1243903 0.1796700 0.4059127 0.1778718 0.2027851 0.2031611 0.1842981 0.1593137 0.1587521 0.1603226 0.1708701 0.1003922 0.1467764 0.2001737 0.1635605 0.1600409 0.1550275 0.1723820 0.1577740 0.1875700 0.1685165 0.1651174 0.1996634 0.1619571 0.1800670 0.1660139 0.1594159 0.4033342 0.1612915 0.1713842 0.1945949 0.2035813 0.1824613 0.4619565 0.1633718 0.1579745 0.1670339 0.1592634 0.1534273 0.1943148 0.1638238 0.1640176 0.4311072 0.1578247 0.1687289 0.1655392 0.1608921 0.1625943 0.1587649 0.1656199 0.2004889 0.1855780 0.1620793 0.0974322 0.1603427 0.2034335 0.1692940 0.1726788 0.1611090 0.1818566 0.1821425 0.3907616 0.1543509 0.1827227 0.2068125 0.2021830 0.1875160 0.1928740 0.1548543 0.1812090 0.4688998 0.1590491 0.1723079 0.1697886 0.1644591 0.2288865 0.1984227 0.1693769 0.1610807 0.1546173 0.1741528 0.1623630 0.1709942 0.4076043 0.4084423 0.1724317 0.2624533 0.1712912 0.1692706 0.1997902 0.1676687 0.1649027 0.1605934 0.1453965 0.1913209 0.1950832 0.1639803 0.2638403 0.1872241 0.2002290 0.1553236 0.2024067 0.1944655 0.1732085 0.4262244 0.1992371 
XM_004694658_2_PREDICTED_Condylura_cristata_RAS_RAD_and_GEM_like_GTP_binding_2_REM2_mRNA_1                                        0.1092230 0.2088870 0.1986759 0.1367880 0.1333620 0.1382185 0.1449859 0.1498144 0.1349506 0.1335246 0.1583382 0.1172491 0.1078795 0.1123769 0.1100676 0.1363191 0.2124705 0.2105098 0.1934239 0.0000000 0.1264726 0.1622278 0.2079175 0.1756327 0.1685505 0.1320532 0.1339334 0.1371828 0.2035381 0.1965425 0.1188239 0.1871700 0.1140217 0.1050333 0.1016841 0.1093425 0.3976028 0.1710392 0.1821811 0.1504512 0.1225663 0.1338843 0.1625057 0.1379708 0.1365636 0.1387420 0.1106496 0.1232934 0.1321273 0.2463667 0.1321273 0.1321273 0.1484218 0.1301760 0.1323106 0.1768122 0.1006555 0.1167115 0.1707132 0.1173734 0.1301013 0.1454523 0.1310678 0.1373261 0.1158572 0.1375876 0.1094229 0.1271285 0.1090222 0.1423183 0.1282067 0.3620599 0.1242373 0.1978185 0.1987323 0.1895250 0.1067074 0.1234701 0.1122072 0.1465098 0.1818817 0.1004601 0.1553131 0.1106071 0.0981713 0.1321273 0.1353654 0.1139987 0.1182764 0.1302414 0.1757658 0.2060626 0.1109077 0.1770803 0.1105524 0.1125611 0.3694712 0.1685446 0.1152724 0.1381141 0.2032222 0.1876893 0.3966505 0.1122072 0.1135996 0.1212631 0.1111380 0.0949335 0.1909424 0.1256805 0.1261960 0.4095124 0.1396674 0.1459900 0.1208125 0.1110217 0.1230806 0.1093839 0.1243263 0.2063665 0.1264609 0.1372485 0.1642405 0.1109689 0.1982608 0.1155756 0.1522044 0.1111605 0.1810209 0.1249771 0.3722659 0.0990115 0.1273346 0.1447491 0.1485180 0.0443306 0.1399309 0.1332678 0.1956509 0.3969271 0.1125341 0.1246559 0.1167106 0.1199465 0.2048264 0.2048180 0.1286429 0.1771334 0.1051130 0.1224916 0.1169635 0.1196349 0.3889027 0.4048970 0.1840862 0.2161931 0.1173556 0.1336780 0.1434849 0.1141142 0.1264258 0.1731503 0.0964524 0.1852464 0.2064262 0.1122886 0.2263317 0.1496625 0.2020064 0.1323762 0.2056829 0.1958180 0.1577469 0.4074057 0.1946619 
XM_004755362_3_PREDICTED_Mustela_putorius_furo_RRAD_and_GEM_like_GTPase_2_REM2_transcript_variant_X1_mRNA_1                       0.0842697 0.1888994 0.1823240 0.1085335 0.1119246 0.1112592 0.1088130 0.1116020 0.1346367 0.1120564 0.1216591 0.0695232 0.0858013 0.0316695 0.0725851 0.1077876 0.1852674 0.1943127 0.1733524 0.1264726 0.0000000 0.1351885 0.1858297 0.1501655 0.1356261 0.1106775 0.0526251 0.1390562 0.1778875 0.1757712 0.0996051 0.1766174 0.0644166 0.0840939 0.0811240 0.0825737 0.3545793 0.1580161 0.1593436 0.1166971 0.0885491 0.1055301 0.1402025 0.1096799 0.1083616 0.1084706 0.0868391 0.0991943 0.1107370 0.1994784 0.1107370 0.1107370 0.1102786 0.1066399 0.1064402 0.1432069 0.0695564 0.0667816 0.1397573 0.1023175 0.1090790 0.1119346 0.0995371 0.1071536 0.0848305 0.1108616 0.0630048 0.1025641 0.0851560 0.1183516 0.0989970 0.2856888 0.0991447 0.1872248 0.1797253 0.1652803 0.0305485 0.0173989 0.0841363 0.1221144 0.1631250 0.0682183 0.1244045 0.0834753 0.0808235 0.1107370 0.0537787 0.0294538 0.0751628 0.0477715 0.1471665 0.1798908 0.0855538 0.1473621 0.0855137 0.0283581 0.3026744 0.1428284 0.0832309 0.1161511 0.1754682 0.1674430 0.3542760 0.0841363 0.0578065 0.0706130 0.0857219 0.0303313 0.1792774 0.0939296 0.0898522 0.3525823 0.1068127 0.1108340 0.0059879 0.0316506 0.0897896 0.0799883 0.0194923 0.1941071 0.1051630 0.1098938 0.1434834 0.0855988 0.1817418 0.0361425 0.1173756 0.0316822 0.1740559 0.1159859 0.3213573 0.0786082 0.1007913 0.1279295 0.1243565 0.1241867 0.1078578 0.1146490 0.1785455 0.3391298 0.0565605 0.1032090 0.0885400 0.0339337 0.1809720 0.1786576 0.0491131 0.1422428 0.0598226 0.0951852 0.0669122 0.0925435 0.3665356 0.3409865 0.1578732 0.1873245 0.0695827 0.1117693 0.1188148 0.0350186 0.0250265 0.1457699 0.0645255 0.1562656 0.1819088 0.0630366 0.1978558 0.1128629 0.1779150 0.1109354 0.1948599 0.1837374 0.1137409 0.3531887 0.1780237 
