171
NM_022685_2_Rattus_norvegicus_RRAD_and_GEM_like_GTPase_2_Rem2_mRNA_1                                                              0.0000000 0.0708616 0.1685431 0.1763437 0.1778162 0.1414837 0.1810988 0.4294525 0.1486776 0.1887240 0.1716812 0.1802521 0.1858171 0.1755857 0.2037021 0.5276646 0.1965108 0.0937774 0.4742347 0.1873200 0.1802825 0.1771367 0.1797562 0.1697955 0.1414356 0.1639983 0.1309734 0.2183828 0.1802881 0.1680122 0.1798237 0.2577225 0.2696860 0.2164204 0.1592755 0.2088186 0.3527359 0.1781733 0.1873330 0.1255696 0.1788470 0.0973834 0.2028591 0.1810297 0.1414055 0.1375380 0.1934488 0.1685560 0.1673562 0.1672880 0.2986906 0.2910252 0.1763925 0.1076796 0.1737391 0.1464539 0.1487805 0.1412313 0.2670842 0.2505840 0.1810682 0.1677843 0.1486776 0.1548059 0.1829706 0.1219250 0.1802521 0.1929594 0.1488626 0.1724982 0.1764612 0.1810297 0.1802218 0.1849853 0.1580345 0.1799300 0.1764115 0.1951359 0.1530267 0.1777771 0.1788087 0.1595433 0.1443427 0.1625478 0.1703031 0.1763140 0.1777771 0.1550314 0.1385715 0.1549288 0.1549454 0.3700519 0.0709155 0.0768280 0.0842266 0.1711618 0.1703631 0.1273969 0.1846736 0.1233489 0.1778162 0.1803191 0.1826534 0.1769604 0.1788470 0.1309734 0.1418762 0.1763239 0.3839747 0.1701933 0.1835169 0.0613313 0.1009246 0.1309484 0.1592392 0.1777771 0.0613549 0.1724597 0.1625478 0.1781733 0.1750972 0.1277492 0.1781733 0.0129662 0.1772832 0.1763140 0.0613313 0.1672880 0.1711618 0.1004822 0.1805240 0.3924320 0.1450931 0.1703031 0.1973945 0.1753401 0.1991841 0.2067294 0.0976477 0.5043767 0.1708214 0.1764308 0.1341799 0.2615700 0.0940839 0.1730572 0.1945673 0.1648502 0.1455517 0.1777771 0.1418762 0.3901932 0.4045037 0.1826534 0.1841082 0.1795275 0.1672880 0.1790502 0.1741201 0.1450275 0.2247657 0.1077759 0.1777463 0.3039241 0.2037021 0.0977648 0.1784362 0.1046640 0.1229175 0.4508003 0.0698298 
NM_080726_3_Mus_musculus_rad_and_gem_related_GTP_binding_protein_2_Rem2_mRNA_1                                                    0.0708616 0.0000000 0.1599975 0.1676452 0.1931154 0.1447179 0.1839730 0.4701700 0.1536407 0.1893564 0.1659235 0.1714782 0.1768558 0.1869581 0.1987158 0.5142982 0.1856509 0.0877334 0.5185079 0.1942601 0.1715070 0.1722386 0.1843890 0.1812081 0.1446689 0.1555776 0.1374432 0.2039356 0.1877184 0.1809918 0.1726301 0.2578495 0.2746892 0.2187287 0.1694531 0.2007835 0.3397933 0.1894950 0.1778024 0.1224142 0.1852085 0.1213089 0.2016132 0.1760807 0.1446382 0.1263299 0.2003503 0.1636850 0.1702694 0.1785058 0.3043925 0.2650324 0.1878312 0.1014921 0.1852103 0.1530626 0.1520320 0.1477385 0.2543087 0.2393002 0.1722386 0.1825427 0.1536407 0.1423879 0.1863550 0.1222656 0.1714782 0.1792572 0.1521156 0.1675738 0.1838720 0.1760807 0.1714494 0.1799838 0.1662110 0.1949429 0.1833342 0.2022474 0.1580831 0.1893105 0.1851692 0.1628951 0.1475600 0.1669435 0.1775625 0.1676170 0.1812081 0.1737780 0.1461170 0.1645943 0.1582629 0.4174007 0.0155851 0.0402536 0.0774956 0.1824361 0.1815717 0.1338430 0.1757968 0.1368820 0.1931154 0.1918049 0.1901955 0.1881830 0.1852085 0.1374432 0.1484172 0.1877505 0.4350543 0.1765026 0.1745198 0.0586142 0.1004055 0.1374172 0.1703052 0.1893105 0.0616386 0.1638363 0.1708414 0.1894950 0.1864301 0.1414574 0.1894950 0.0739492 0.1887931 0.1676170 0.0526743 0.1785058 0.1824361 0.1032648 0.1531521 0.4567305 0.1483355 0.1775625 0.1800170 0.1588387 0.1996332 0.2065832 0.1004474 0.5175586 0.1820601 0.1838406 0.1373939 0.2616329 0.1178375 0.1842235 0.2016606 0.1524586 0.1447486 0.1893105 0.1410974 0.4278649 0.4427111 0.1943155 0.1995224 0.1784631 0.1785058 0.1904409 0.1804404 0.1574326 0.2108426 0.1097288 0.1892780 0.3114062 0.1987158 0.1106025 0.1769312 0.1176541 0.1093483 0.5063293 0.0701525 
NM_173527_3_Homo_sapiens_RRAD_and_GEM_like_GTPase_2_REM2_mRNA_1                                                                   0.1685431 0.1599975 0.0000000 0.0051339 0.1190954 0.0701149 0.0377270 0.4694717 0.0772870 0.1425798 0.0620202 0.0209387 0.0183665 0.1069140 0.1307191 0.4718980 0.1595490 0.1500488 0.4632186 0.0943290 0.0077270 0.0349102 0.0620261 0.1246116 0.0729647 0.0051479 0.0735041 0.1294555 0.1103477 0.1042596 0.1088398 0.2241796 0.2359698 0.1806012 0.1578056 0.1235512 0.2465957 0.1092466 0.1175195 0.1904047 0.1223696 0.1872742 0.1411758 0.0321126 0.0729500 0.0498165 0.1323173 0.0969575 0.0899077 0.0967593 0.2128939 0.1788985 0.1171867 0.1746852 0.1211279 0.0733865 0.0729647 0.0763102 0.1785559 0.1674653 0.0349102 0.0896379 0.0772870 0.0766491 0.0989874 0.1451826 0.0237789 0.1147026 0.0762460 0.1002416 0.1172307 0.0321126 0.0237742 0.0349045 0.0582654 0.0961653 0.0899448 0.1428008 0.0807090 0.1246116 0.1293701 0.0997926 0.0736835 0.0585995 0.0996058 0.0265029 0.1177121 0.0961690 0.0707217 0.1352208 0.0864861 0.4058747 0.1601226 0.1722925 0.1472877 0.0934880 0.1092647 0.0765896 0.0292542 0.0732514 0.1190954 0.1036812 0.1286047 0.1085988 0.1223696 0.0735041 0.0731763 0.1003690 0.3868869 0.1218621 0.1030548 0.1582855 0.1686749 0.0734907 0.1026812 0.1246116 0.1587518 0.0129592 0.0585995 0.1026369 0.0967431 0.0767884 0.1092466 0.1724015 0.1108944 0.0265029 0.1582855 0.0967593 0.0934880 0.1601527 0.0903144 0.4114721 0.0699239 0.1061887 0.1170269 0.1116163 0.1156202 0.1369822 0.1625208 0.4497812 0.1126086 0.1172112 0.0669025 0.2155516 0.1832161 0.1053061 0.1424033 0.0989242 0.0791474 0.1246116 0.0760655 0.3885860 0.4308231 0.1216264 0.1013746 0.1096972 0.0967593 0.1066281 0.1253704 0.0835974 0.1741030 0.1788868 0.1245907 0.2647202 0.1307191 0.1784416 0.0406847 0.1924030 0.1762691 0.4462094 0.1535367 
XM_009427474_3_PREDICTED_Pan_troglodytes_RRAD_and_GEM_like_GTPase_2_REM2_transcript_variant_X1_mRNA_1                             0.1763437 0.1676452 0.0051339 0.0000000 0.1180679 0.0762585 0.0377406 0.4696173 0.0773157 0.1498803 0.0620432 0.0209461 0.0183730 0.1069541 0.1307706 0.4852031 0.1562009 0.1501068 0.4510747 0.0943646 0.0025401 0.0349228 0.0620491 0.1177565 0.0784533 0.0103661 0.0797243 0.1295061 0.1103891 0.1042990 0.1088813 0.2156903 0.2453597 0.1772206 0.1578649 0.1235987 0.2466952 0.1092872 0.1175637 0.1904777 0.1224161 0.1954723 0.1452547 0.0321242 0.0854275 0.0574535 0.1323661 0.1035817 0.0963989 0.1035028 0.2129780 0.1789704 0.1172307 0.1747527 0.1143171 0.0795933 0.0791313 0.0825447 0.1786289 0.1675304 0.0349228 0.0896712 0.0773157 0.0766774 0.0990241 0.1452382 0.0237874 0.1147460 0.0762740 0.1069099 0.1172748 0.0321242 0.0237827 0.0349171 0.0582868 0.0962011 0.0899783 0.1428560 0.0807391 0.1177565 0.1294193 0.0998299 0.0737107 0.0586211 0.0996429 0.0265124 0.1109430 0.0962047 0.0769228 0.1352717 0.0995230 0.4060138 0.1677760 0.1723582 0.1473434 0.0935229 0.1093053 0.0828511 0.0292647 0.0794462 0.1180679 0.1037201 0.1216725 0.1076745 0.1224161 0.0797243 0.0793615 0.1004067 0.3870229 0.1219083 0.1030933 0.1583452 0.1687394 0.0797097 0.0961927 0.1177565 0.1588118 0.0129638 0.0586211 0.1026750 0.0967793 0.0830669 0.1092872 0.1802521 0.1109362 0.0265124 0.1583452 0.0967955 0.1001794 0.1678075 0.0903482 0.4116132 0.0760501 0.1062282 0.1170708 0.1185236 0.1156643 0.1370345 0.1703303 0.4624785 0.1059987 0.1172552 0.0723669 0.2071652 0.1913596 0.1044126 0.1424581 0.0895182 0.0853985 0.1177565 0.0822759 0.3776544 0.4191940 0.1147814 0.1014130 0.1097382 0.0967955 0.1066680 0.1254179 0.0836286 0.1741716 0.1869510 0.1166618 0.2702439 0.1307706 0.1864843 0.0406995 0.1924757 0.1763378 0.4343213 0.1535943 
XM_005623217_4_PREDICTED_Canis_lupus_familiaris_RRAD_and_GEM_like_GTPase_2_REM2_transcript_variant_X1_mRNA_1                      0.1778162 0.1931154 0.1190954 0.1180679 0.0000000 0.0727765 0.1196203 0.4281532 0.0737768 0.1724711 0.1433798 0.1225348 0.1269068 0.1063320 0.1376913 0.4930011 0.1886950 0.1694342 0.4403770 0.1288606 0.1214492 0.1230069 0.1467347 0.0802903 0.0602329 0.1152870 0.0763665 0.1437492 0.0465393 0.0942732 0.1153531 0.2351224 0.2258118 0.1982696 0.1824614 0.1263777 0.2362128 0.0461325 0.1558212 0.2444093 0.1493467 0.2046334 0.1842280 0.1195757 0.0667563 0.0767859 0.1406764 0.1132461 0.1058918 0.0434691 0.2238789 0.1944760 0.0968233 0.2052839 0.0834279 0.0762432 0.0758041 0.0791718 0.1671792 0.1782352 0.1230069 0.1242225 0.0737768 0.1063696 0.0377348 0.1768696 0.1157658 0.1566632 0.0789137 0.1166273 0.0968596 0.1195757 0.1157467 0.1229866 0.1307716 0.1098253 0.1067482 0.1634226 0.0740322 0.0866172 0.1493149 0.0897821 0.0920475 0.1387072 0.0864421 0.1123948 0.0866172 0.0706825 0.0734051 0.1422795 0.0961811 0.3571817 0.1932657 0.2105455 0.1753487 0.0349362 0.0461400 0.0732877 0.1194362 0.0669694 0.0000010 0.0407971 0.0901373 0.0128745 0.1419671 0.0763665 0.0758412 0.0379496 0.3395847 0.1413548 0.1052496 0.1812812 0.1904230 0.0702187 0.0641273 0.0866172 0.1978679 0.1157658 0.1387072 0.0404363 0.0377491 0.0704142 0.0461325 0.1817688 0.1038525 0.1123948 0.1892218 0.0377552 0.0406091 0.2014019 0.1173575 0.3563652 0.0727528 0.0928378 0.1342585 0.1380472 0.1184213 0.1258953 0.2094273 0.4481614 0.0671304 0.0968434 0.0602329 0.2350722 0.2004467 0.0102664 0.1629698 0.0924314 0.0851178 0.0866172 0.0820058 0.3532961 0.3813048 0.0901373 0.1224080 0.1085405 0.0377552 0.0462956 0.1450371 0.0676511 0.2043828 0.2189134 0.0858444 0.2215544 0.1376913 0.1995431 0.1304265 0.2279138 0.2281315 0.4067753 0.1779010 
NM_001192708_1_Bos_taurus_RRAD_and_GEM_like_GTPase_2_REM2_mRNA_2                                                                  0.1414837 0.1447179 0.0701149 0.0762585 0.0727765 0.0000000 0.0920270 0.4170315 0.0377463 0.1142209 0.0938297 0.0793485 0.0830209 0.0494502 0.0739621 0.4564370 0.1363181 0.1349264 0.4338564 0.0969081 0.0793615 0.0888365 0.1070623 0.0770299 0.0155617 0.0668601 0.0183313 0.0797410 0.0584369 0.0587284 0.0623963 0.2058831 0.1877678 0.1528910 0.1464071 0.0846130 0.1708288 0.0579128 0.1113182 0.1898318 0.1220615 0.1630473 0.1226461 0.0856673 0.0155587 0.0033282 0.1051256 0.0554263 0.0435072 0.0493316 0.1616895 0.1518994 0.0736267 0.1544791 0.0739110 0.0236938 0.0235699 0.0263609 0.1391588 0.1167145 0.0888365 0.0770272 0.0377463 0.0642803 0.0551529 0.1261321 0.0822592 0.1119020 0.0051232 0.0583944 0.0736539 0.0856673 0.0822458 0.0888220 0.0830686 0.0673549 0.0767302 0.1333060 0.0378647 0.0770299 0.1220358 0.0551830 0.0488826 0.0835665 0.0492637 0.0791442 0.0770299 0.0462864 0.0000010 0.1057304 0.0265883 0.3690308 0.1522022 0.1641442 0.1360826 0.0464271 0.0579222 0.0183309 0.0855881 0.0156140 0.0727765 0.0525245 0.0804392 0.0635038 0.1220615 0.0183313 0.0025534 0.0495916 0.3511906 0.1146782 0.0762526 0.1411540 0.1415655 0.0156574 0.0520700 0.0770299 0.1489164 0.0731883 0.0835665 0.0520482 0.0493236 0.0183754 0.0579128 0.1451486 0.0618504 0.0791442 0.1484766 0.0493316 0.0464271 0.1408459 0.0708447 0.3683292 0.0208831 0.0551044 0.1030762 0.0934472 0.0714413 0.0875364 0.1544428 0.4095460 0.0608872 0.0736418 0.0103070 0.1975385 0.1591646 0.0605415 0.1329418 0.0733693 0.0208938 0.0770299 0.0182229 0.3582845 0.3753815 0.0804392 0.0843524 0.0824553 0.0493316 0.0522372 0.1181288 0.0377524 0.1676087 0.1627398 0.0770172 0.2005050 0.0739621 0.1546969 0.0891707 0.1839099 0.1837237 0.4005860 0.1386949 
XM_001100692_4_PREDICTED_Macaca_mulatta_RRAD_and_GEM_like_GTPase_2_REM2_mRNA_1                                                    0.1810988 0.1839730 0.0377270 0.0377406 0.1196203 0.0920270 0.0000000 0.4542511 0.0903366 0.1653939 0.0683978 0.0293600 0.0379719 0.1071066 0.1387917 0.5159857 0.1488772 0.1583682 0.4667690 0.0881896 0.0405779 0.0077283 0.0746192 0.1182332 0.0919968 0.0378521 0.0927079 0.1374319 0.1041088 0.1117664 0.1162250 0.2297997 0.2533595 0.1654777 0.1337385 0.1202659 0.2272476 0.1097203 0.1109284 0.1960201 0.1096222 0.1964407 0.1342183 0.0051348 0.0919781 0.0730908 0.1229039 0.1162855 0.1023152 0.1002155 0.1973181 0.1882401 0.1177027 0.1755851 0.1147766 0.0861779 0.0856673 0.0955648 0.1814931 0.1643984 0.0130422 0.0994936 0.0903366 0.0895759 0.0994068 0.1491977 0.0156559 0.1050031 0.0984561 0.1196753 0.1177471 0.0051348 0.0156534 0.0077271 0.0644968 0.0965724 0.0903218 0.1397844 0.0971880 0.1182332 0.1197059 0.0969304 0.0894995 0.0648718 0.1000349 0.0130021 0.1113859 0.0935579 0.0928425 0.1397712 0.1063856 0.4029480 0.1728581 0.1809921 0.1553832 0.0969142 0.1097385 0.0959308 0.0210125 0.0860174 0.1196203 0.1041305 0.1221708 0.1090664 0.1027899 0.0927079 0.0952389 0.1008013 0.3838965 0.1123219 0.1101707 0.1665853 0.1695257 0.0926908 0.1031211 0.1113859 0.1632884 0.0293600 0.0648718 0.1030765 0.1001987 0.0897405 0.1097203 0.1693840 0.1182358 0.0130021 0.1665853 0.1002155 0.0969142 0.1533964 0.1170154 0.3965940 0.0825329 0.1066517 0.1175414 0.1121126 0.1123940 0.1449188 0.1711337 0.4852026 0.1131000 0.1177273 0.0856673 0.2210561 0.1923012 0.1057568 0.1393939 0.0989935 0.0984601 0.1113859 0.0952428 0.3752767 0.4162286 0.1152451 0.1049170 0.1101752 0.1002155 0.1070910 0.1157887 0.0903553 0.1714448 0.1878619 0.1182133 0.2503574 0.1387917 0.1873904 0.0130039 0.1933993 0.1852562 0.4434772 0.1616949 
XM_007479801_2_PREDICTED_Monodelphis_domestica_RAS_RAD_and_GEM_like_GTP_binding_2_REM2_mRNA_1                                     0.4294525 0.4701700 0.4694717 0.4696173 0.4281532 0.4170315 0.4542511 0.0000000 0.4202761 0.5368742 0.4701735 0.4571469 0.4828344 0.4365636 0.4865475 0.5523760 0.4889822 0.4905051 0.1513152 0.5017554 0.4759676 0.4730174 0.4781901 0.4291967 0.3981094 0.4599097 0.4336367 0.5155636 0.4631828 0.4648429 0.4303455 0.4492753 0.4845886 0.4901971 0.4887465 0.4494725 0.6630853 0.4428090 0.4912945 0.5384951 0.4963614 0.5018595 0.4963139 0.4666357 0.4096932 0.3729684 0.5116677 0.4254679 0.4421597 0.4523984 0.6322438 0.5890793 0.4396914 0.5052397 0.4231053 0.4125721 0.3981264 0.4127117 0.4590021 0.4659963 0.4604291 0.4943726 0.4202761 0.4553577 0.4521822 0.4997990 0.4695991 0.5091967 0.4112187 0.4315299 0.4474860 0.4666357 0.4695354 0.4729532 0.4598732 0.4595723 0.4411311 0.4079471 0.4231517 0.4231674 0.5013081 0.4060787 0.4109195 0.4697391 0.3876964 0.4632771 0.4171847 0.4212984 0.4163309 0.4647724 0.4197923 0.1018851 0.4605695 0.4784717 0.4719975 0.4461218 0.4552103 0.4215960 0.4773451 0.4127728 0.4281532 0.4632657 0.4322140 0.4310627 0.4832421 0.4336367 0.4112187 0.4569471 0.0974099 0.4975361 0.4453791 0.4832925 0.4809449 0.4275276 0.4234438 0.4171847 0.4510826 0.4633589 0.4697391 0.4428090 0.4523346 0.4229568 0.4551470 0.4185990 0.4055376 0.4632771 0.4768366 0.4523984 0.4461218 0.4626935 0.4560681 0.1051745 0.3981264 0.3876964 0.4696240 0.4674138 0.4785438 0.4505159 0.5255992 0.5550662 0.4056483 0.4474033 0.3981094 0.4366912 0.5085302 0.4370985 0.4066465 0.3777031 0.3983234 0.4171847 0.4041409 0.1123010 0.0437646 0.4383284 0.5136148 0.4453965 0.4523984 0.4585584 0.5041515 0.4086477 0.4757372 0.5488924 0.4291344 0.5197311 0.4865475 0.5195185 0.4780389 0.4910166 0.4942444 0.1429551 0.4279268 
XM_023622024_1_PREDICTED_Equus_caballus_RRAD_and_GEM_like_GTPase_2_REM2_transcript_variant_X1_mRNA_1                              0.1486776 0.1536407 0.0772870 0.0773157 0.0737768 0.0377463 0.0903366 0.4202761 0.0000000 0.1257631 0.0921346 0.0804549 0.0841946 0.0681953 0.0872335 0.4690574 0.1330939 0.1433167 0.4441964 0.0985787 0.0804682 0.0871063 0.1123676 0.0784989 0.0377341 0.0739134 0.0408428 0.0979372 0.0592267 0.0566315 0.0728341 0.1873477 0.2022281 0.1697585 0.1478778 0.0917205 0.1926336 0.0586877 0.1158484 0.1959680 0.1093744 0.1801504 0.1467770 0.0838982 0.0377266 0.0351238 0.1102823 0.0778660 0.0711802 0.0499831 0.1858551 0.1589482 0.0809528 0.1676928 0.0753135 0.0407865 0.0405643 0.0435645 0.1534623 0.1318685 0.0871063 0.0879198 0.0000010 0.0745995 0.0558894 0.1312997 0.0804549 0.1164625 0.0434342 0.0778660 0.0809832 0.0838982 0.0804415 0.0870918 0.0911317 0.0778050 0.0811651 0.1346405 0.0051433 0.0784989 0.1093512 0.0619352 0.0553918 0.0947486 0.0558370 0.0773029 0.0784989 0.0527657 0.0380609 0.1001109 0.0497916 0.3504048 0.1537551 0.1658523 0.1374409 0.0470365 0.0586974 0.0408420 0.0838204 0.0378715 0.0737768 0.0532262 0.0819868 0.0643582 0.1093744 0.0408428 0.0405840 0.0502503 0.3330763 0.1021555 0.0743751 0.1499925 0.1542158 0.0379845 0.0587082 0.0784989 0.1579679 0.0741972 0.0947486 0.0527366 0.0499748 0.0409460 0.0586877 0.1523823 0.0718207 0.0773029 0.1574961 0.0499831 0.0470365 0.1609289 0.0844933 0.3440431 0.0377341 0.0618422 0.1082414 0.1050619 0.0778341 0.0923280 0.1676532 0.4337121 0.0677763 0.0809696 0.0321289 0.1955562 0.1761241 0.0613514 0.1342693 0.0749170 0.0434359 0.0784989 0.0405855 0.3615559 0.3742913 0.0819868 0.0815162 0.0870085 0.0499831 0.0589046 0.1055515 0.0051295 0.1650120 0.1797860 0.0753135 0.2157040 0.0872335 0.1674976 0.0874381 0.1858606 0.1750517 0.4107303 0.1473232 
XM_051822640_1_PREDICTED_Oryctolagus_cuniculus_RRAD_and_GEM_like_GTPase_2_LOC100344089_mRNA_1                                     0.1887240 0.1893564 0.1425798 0.1498803 0.1724711 0.1142209 0.1653939 0.5368742 0.1257631 0.0000000 0.1576018 0.1535414 0.1458173 0.1603503 0.1834326 0.4780609 0.2208167 0.1898639 0.5479631 0.1506155 0.1535670 0.1616151 0.1653630 0.1699953 0.1141826 0.1384297 0.1151282 0.1814943 0.1516882 0.1510465 0.1440454 0.1865422 0.2220636 0.2437998 0.1892799 0.1894359 0.2719729 0.1324009 0.1969871 0.2249783 0.1856519 0.2133235 0.1925400 0.1578611 0.1073948 0.0993146 0.1508368 0.1204652 0.1196784 0.1438136 0.2834230 0.2588795 0.1764624 0.2262353 0.1660884 0.1218106 0.1210369 0.1112495 0.2234818 0.2181779 0.1616151 0.1562294 0.1257631 0.1256507 0.1437381 0.2015929 0.1535414 0.1922122 0.1211028 0.1240056 0.1726354 0.1578611 0.1535158 0.1615882 0.1482695 0.1419841 0.1346906 0.2013839 0.1262635 0.1699953 0.1856205 0.1524403 0.1433303 0.1488910 0.1362888 0.1498553 0.1699953 0.1264505 0.1152794 0.1715601 0.1152414 0.4598517 0.1975673 0.1903665 0.1674045 0.1401631 0.1324288 0.1185793 0.1576307 0.1146822 0.1724711 0.1443592 0.1746771 0.1604555 0.1856519 0.1151282 0.1176602 0.1407145 0.4583128 0.1847787 0.1413607 0.1917590 0.2070555 0.1151065 0.1335556 0.1699953 0.2005593 0.1462424 0.1488910 0.1324009 0.1437893 0.1189020 0.1395437 0.1928102 0.1542344 0.1498553 0.2166422 0.1438136 0.1401631 0.2093388 0.1642357 0.4865961 0.1175961 0.1434941 0.1783126 0.1630235 0.1814374 0.1593671 0.2055288 0.4430329 0.1480557 0.1726061 0.1074128 0.1783833 0.2090704 0.1567629 0.2008013 0.1472073 0.1176602 0.1699953 0.1176602 0.4683077 0.4864612 0.1668568 0.1416850 0.1487164 0.1438136 0.1297631 0.1887866 0.1257844 0.1993783 0.2092086 0.1699663 0.2572216 0.1834326 0.2039468 0.1585892 0.2061130 0.2253705 0.5153051 0.1802032 
XM_035260095_1_PREDICTED_Callithrix_jacchus_RRAD_and_GEM_like_GTPase_2_REM2_transcript_variant_X1_mRNA_1                          0.1716812 0.1659235 0.0620202 0.0620432 0.1433798 0.0938297 0.0683978 0.4701735 0.0921346 0.1576018 0.0000000 0.0590227 0.0624548 0.1267125 0.1496867 0.5268068 0.1699669 0.1658983 0.4815716 0.1060256 0.0650970 0.0714797 0.0440641 0.1390218 0.0937984 0.0622418 0.0945396 0.1520414 0.1236073 0.1140918 0.1101451 0.2140130 0.2643292 0.1939365 0.1376959 0.1429399 0.2661367 0.1188385 0.1384357 0.2043979 0.1298331 0.1891014 0.1718772 0.0683723 0.0937789 0.0860372 0.1500896 0.1234474 0.1156942 0.1159029 0.2339598 0.2016762 0.1308006 0.1780109 0.1353490 0.0878610 0.0937984 0.0974533 0.1935574 0.1969433 0.0653109 0.1014883 0.0921346 0.0915677 0.1149209 0.1525143 0.0650862 0.1355298 0.1004028 0.1269855 0.1308509 0.0683723 0.0650754 0.0714678 0.0322207 0.1054787 0.1021066 0.1621454 0.0924765 0.1390218 0.1441915 0.1090317 0.1044816 0.0295983 0.1088138 0.0620329 0.1317524 0.1088818 0.0910500 0.1387665 0.1085464 0.4087208 0.1626392 0.1614690 0.1474917 0.1124322 0.1258393 0.0912660 0.0712330 0.0941911 0.1433798 0.1201105 0.1432929 0.1320487 0.1298331 0.0945396 0.0940789 0.1166108 0.3888998 0.1362124 0.1231616 0.1688034 0.1738884 0.0945218 0.1188910 0.1317524 0.1540712 0.0530368 0.0323970 0.1188385 0.1158833 0.0980974 0.1258180 0.1677717 0.1245705 0.0620329 0.1688107 0.1159029 0.1124322 0.1650196 0.1194388 0.4208522 0.0905533 0.1156739 0.1414487 0.1359543 0.1344676 0.1518763 0.1791576 0.5011956 0.1293718 0.1308285 0.0873295 0.2052575 0.1849136 0.1285283 0.1616796 0.1269749 0.0938531 0.1317524 0.0906061 0.4127490 0.4409081 0.1359368 0.1175225 0.1302436 0.1159029 0.1231592 0.1399127 0.0921503 0.1923377 0.1923317 0.1389980 0.2601060 0.1496867 0.1799809 0.0717432 0.1979667 0.1818789 0.4571319 0.1525641 
XM_002824566_3_PREDICTED_Pongo_abelii_RRAD_and_GEM_like_GTPase_2_REM2_mRNA_1                                                      0.1802521 0.1714782 0.0209387 0.0209461 0.1225348 0.0793485 0.0293600 0.4571469 0.0804549 0.1535414 0.0590227 0.0000000 0.0210677 0.0970339 0.1307706 0.4786010 0.1482236 0.1614526 0.4572136 0.0910955 0.0236448 0.0321294 0.0590249 0.1211939 0.0822323 0.0210046 0.0828527 0.1295061 0.1070329 0.1045616 0.1088813 0.2242752 0.2500584 0.1613381 0.1541764 0.1200740 0.2371865 0.1126251 0.1073966 0.2027182 0.1157713 0.1995786 0.1304133 0.0293495 0.0822157 0.0691352 0.1289227 0.1035860 0.0964028 0.1031169 0.2000275 0.1789704 0.1172307 0.1787051 0.1177319 0.0764950 0.0822323 0.0856796 0.1786289 0.1675304 0.0321294 0.0864836 0.0804549 0.0797880 0.1022834 0.1415773 0.0265167 0.1113401 0.0856021 0.1069143 0.1104951 0.0293495 0.0265124 0.0321242 0.0494578 0.0929669 0.0867776 0.1428560 0.0871063 0.1211939 0.1258960 0.0965600 0.0830508 0.0497373 0.0963858 0.0237827 0.1143363 0.0899781 0.0800418 0.1285519 0.0961494 0.4060138 0.1682169 0.1762401 0.1510094 0.0998092 0.1126438 0.0859998 0.0265167 0.0825615 0.1225348 0.1070552 0.1251490 0.1119538 0.1157713 0.0828527 0.0824718 0.1037201 0.3870229 0.1184475 0.0998030 0.1620796 0.1726072 0.0828375 0.1060163 0.1143363 0.1625576 0.0129642 0.0497373 0.1059705 0.1030998 0.0862240 0.1126251 0.1763514 0.1143341 0.0237827 0.1620796 0.1031169 0.0998092 0.1640022 0.0968442 0.3997353 0.0791313 0.1029292 0.1136741 0.1082576 0.1122225 0.1406502 0.1742453 0.4561786 0.1093118 0.1172552 0.0760501 0.2156441 0.1954391 0.1086389 0.1424581 0.1032608 0.0885410 0.1143363 0.0853985 0.3831964 0.4191940 0.1182133 0.1011585 0.1064050 0.1031169 0.1100098 0.1219340 0.0868097 0.1666499 0.1909912 0.1211736 0.2562711 0.1307706 0.1905137 0.0378590 0.1964899 0.1723642 0.4343213 0.1572754 
XM_003260595_2_PREDICTED_Nomascus_leucogenys_RRAD_and_GEM_like_GTPase_2_REM2_mRNA_1                                               0.1858171 0.1768558 0.0183665 0.0183730 0.1269068 0.0830209 0.0379719 0.4828344 0.0841946 0.1458173 0.0624548 0.0210677 0.0000000 0.1145267 0.1393275 0.4916776 0.1609861 0.1538015 0.4694065 0.1017062 0.0210703 0.0408136 0.0686152 0.1326827 0.0859381 0.0211262 0.0865961 0.1379563 0.1180498 0.1087331 0.1166368 0.2150218 0.2575428 0.1822718 0.1591777 0.1317575 0.2493998 0.1100930 0.1184581 0.1944540 0.1272314 0.1953934 0.1423795 0.0379581 0.0796526 0.0694219 0.1403987 0.1066019 0.0993764 0.1072082 0.2150883 0.1848385 0.1237398 0.1781553 0.1291167 0.0801376 0.0859381 0.0894507 0.1879584 0.1729569 0.0408136 0.0967920 0.0841946 0.0834886 0.0997350 0.1539122 0.0350245 0.1156174 0.0893670 0.1099416 0.1237862 0.0379581 0.0322170 0.0408070 0.0646908 0.1034752 0.0971315 0.1515453 0.0838793 0.1326827 0.1376329 0.1072126 0.0868029 0.0650683 0.1003634 0.0322170 0.1256227 0.1004235 0.0837541 0.1402886 0.1001158 0.4235987 0.1735502 0.1777789 0.1505610 0.1038485 0.1101114 0.0897900 0.0378453 0.0862871 0.1269068 0.1112318 0.1368031 0.1161410 0.1272314 0.0865961 0.0861905 0.1078441 0.3980633 0.1299139 0.1038462 0.1672351 0.1686716 0.0865801 0.1101364 0.1256227 0.1677332 0.0077718 0.0650683 0.1034211 0.1071902 0.0900263 0.1100930 0.1818461 0.1186467 0.0322170 0.1672351 0.1072082 0.1038485 0.1635084 0.1000806 0.4295462 0.0827917 0.1070077 0.1179568 0.1125037 0.1235651 0.1438598 0.1702613 0.4686548 0.1168737 0.1237656 0.0796657 0.2065236 0.1912822 0.1127747 0.1511185 0.1124242 0.0891525 0.1256227 0.0891525 0.3994118 0.4308677 0.1296609 0.1120824 0.1105515 0.1072082 0.1074548 0.1335056 0.0906454 0.1721719 0.1868754 0.1326603 0.2779269 0.1393275 0.1864090 0.0467270 0.1958912 0.1762656 0.4649856 0.1623153 
XM_021099265_1_PREDICTED_Sus_scrofa_RRAD_and_GEM_like_GTPase_2_REM2_transcript_variant_X1_mRNA_1                                  0.1755857 0.1869581 0.1069140 0.1069541 0.1063320 0.0494502 0.1071066 0.4365636 0.0681953 0.1603503 0.1267125 0.0970339 0.1145267 0.0000000 0.1018955 0.4952278 0.1341721 0.1806458 0.4601052 0.1194589 0.1103237 0.1037525 0.1306663 0.0980807 0.0552958 0.1032015 0.0499002 0.1012025 0.0813796 0.0780486 0.0829429 0.2512065 0.2069937 0.1759912 0.1572335 0.0997059 0.1908736 0.0901696 0.1242874 0.2418642 0.1429224 0.2211061 0.1380279 0.1004213 0.0552847 0.0463826 0.1383800 0.0845014 0.0714160 0.0809376 0.1933626 0.1726642 0.0943687 0.2026260 0.0947565 0.0526485 0.0465290 0.0554950 0.1742949 0.1330762 0.1070887 0.0970929 0.0681953 0.1006362 0.0872759 0.1625414 0.1066878 0.1232968 0.0553251 0.0877209 0.0878881 0.1004213 0.1066700 0.1037352 0.1078042 0.0876533 0.0904363 0.1474297 0.0684300 0.0980807 0.1428917 0.0746349 0.0864333 0.1084885 0.0712294 0.1033497 0.0980807 0.0712679 0.0498701 0.1428559 0.0676687 0.3861263 0.1951899 0.2002108 0.1770381 0.0777627 0.0901847 0.0586745 0.1103052 0.0555062 0.1063320 0.0846002 0.1017928 0.0960834 0.1429224 0.0499002 0.0523820 0.0813966 0.3731298 0.1349991 0.1036354 0.1751335 0.1877570 0.0556806 0.0869940 0.0980807 0.1756596 0.1036245 0.1084885 0.0837712 0.0809241 0.0588262 0.0901696 0.1716388 0.0908059 0.1033497 0.1786119 0.0809376 0.0777627 0.1866391 0.1014223 0.3879874 0.0436450 0.0774603 0.1052367 0.1297132 0.0923034 0.1167846 0.2110032 0.4326723 0.0901900 0.0943885 0.0494321 0.2459217 0.2167407 0.0928532 0.1470161 0.0831088 0.0672894 0.0980807 0.0642684 0.3686950 0.3924817 0.1017928 0.0986038 0.1103219 0.0809376 0.0905280 0.1386618 0.0682066 0.1757557 0.2205864 0.0980641 0.2031341 0.1018955 0.2114461 0.0967915 0.2132211 0.2356111 0.4369807 0.1675913 
XM_003420937_2_PREDICTED_Loxodonta_africana_RRAD_and_GEM_like_GTPase_2_REM2_transcript_variant_X1_mRNA_1                          0.2037021 0.1987158 0.1307191 0.1307706 0.1376913 0.0739621 0.1387917 0.4865475 0.0872335 0.1834326 0.1496867 0.1307706 0.1393275 0.1018955 0.0000000 0.5410838 0.2026727 0.1795499 0.5111487 0.1404210 0.1344871 0.1350288 0.1616557 0.1323842 0.0804387 0.1265321 0.0843940 0.0382426 0.1173356 0.1167824 0.0911145 0.2763668 0.2540697 0.2185606 0.2012131 0.1472614 0.1168055 0.1125230 0.1672812 0.2385877 0.1668245 0.2215827 0.1941473 0.1312931 0.0804215 0.0774205 0.1645203 0.1281370 0.1200009 0.1094848 0.1270641 0.1260785 0.1283875 0.1980114 0.1286362 0.0842446 0.0804387 0.0776832 0.1937364 0.0843080 0.1350288 0.1219069 0.0872335 0.1166634 0.1165533 0.1828133 0.1307706 0.1621801 0.0804804 0.1281370 0.1284386 0.1312931 0.1307477 0.1350051 0.1322798 0.1207404 0.1197314 0.1782227 0.0875599 0.1323842 0.1587417 0.1059586 0.1044980 0.1331983 0.0953389 0.1270808 0.1323842 0.0985846 0.0746387 0.1438208 0.0907343 0.4303533 0.2074281 0.2041417 0.1678011 0.1059354 0.1125427 0.0843923 0.1348222 0.0807777 0.1376913 0.1137523 0.1314502 0.1260893 0.1668245 0.0843940 0.0772161 0.1101699 0.4162019 0.1580225 0.1162861 0.1708215 0.1744771 0.0810608 0.1090317 0.1323842 0.1839990 0.1271031 0.1331983 0.1054751 0.1094656 0.0846239 0.1125230 0.2037021 0.1163603 0.1270808 0.1788652 0.1094848 0.1059354 0.1816310 0.1323937 0.4253140 0.0771762 0.0987851 0.1397644 0.1306931 0.1088083 0.1189961 0.2023014 0.4936578 0.1125498 0.1284159 0.0739366 0.2722204 0.2170383 0.1224805 0.1776955 0.1238553 0.0870781 0.1323842 0.0837677 0.4362254 0.4267423 0.1367175 0.1203144 0.1235033 0.1094848 0.1130161 0.1620401 0.0872486 0.2181337 0.2120953 0.1286362 0.2756382 0.0000010 0.2115287 0.1304273 0.2177545 0.2237910 0.4730420 0.1853354 
XM_029077766_2_PREDICTED_Ornithorhynchus_anatinus_RRAD_and_GEM_like_GTPase_2_REM2_mRNA_1                                          0.5276646 0.5142982 0.4718980 0.4852031 0.4930011 0.4564370 0.5159857 0.5523760 0.4690574 0.4780609 0.5268068 0.4786010 0.4916776 0.4952278 0.5410838 0.0000000 0.5970456 0.5550301 0.4295611 0.5381382 0.4868188 0.5091229 0.5291764 0.4902516 0.4434841 0.4683691 0.4500168 0.5473909 0.5072832 0.5187844 0.4873538 0.4899231 0.4960714 0.6137190 0.6426018 0.5452958 0.6986505 0.5158603 0.5761610 0.5373382 0.5667175 0.5523555 0.5705948 0.5022917 0.4562207 0.3648982 0.5157338 0.4812468 0.4760353 0.5132573 0.7430970 0.5620458 0.5063266 0.5853614 0.4834975 0.4453457 0.4434841 0.4403150 0.4913606 0.5503864 0.5091229 0.5289972 0.4690574 0.4762133 0.5130259 0.5937994 0.4918368 0.5776003 0.4629623 0.4879584 0.5013375 0.5022917 0.4851365 0.4955594 0.4789275 0.4776817 0.4753746 0.5372701 0.4527425 0.4969707 0.5666323 0.4849817 0.5286598 0.4736422 0.4449775 0.4851365 0.4769293 0.4615597 0.4626764 0.5611820 0.4825942 0.4923154 0.5646211 0.5835595 0.5197941 0.5062798 0.4970181 0.4564370 0.4801315 0.4467126 0.4930011 0.4937631 0.5145194 0.5018861 0.5738218 0.4500168 0.4629623 0.4870084 0.4621424 0.5620927 0.4724416 0.5504722 0.5790219 0.4499442 0.4913676 0.4902516 0.5576756 0.4852031 0.4736422 0.5021498 0.5131890 0.4579622 0.5021498 0.5479895 0.4859943 0.4851365 0.5365323 0.5132573 0.5062798 0.5735265 0.5053839 0.5149546 0.4498785 0.4576933 0.5565616 0.5250243 0.5640977 0.4793554 0.5559706 0.0604034 0.4714966 0.5012706 0.4434841 0.4831983 0.5452247 0.4951538 0.5355110 0.4145686 0.4644591 0.4902516 0.4579810 0.5058816 0.5289812 0.5008477 0.5542164 0.4724416 0.5132573 0.5201113 0.5691914 0.4691232 0.5482736 0.5461431 0.4901844 0.5484095 0.5410838 0.5569367 0.5217182 0.5443753 0.5541995 0.4553222 0.5204763 
XM_023567007_1_PREDICTED_Cavia_porcellus_RRAD_and_GEM_like_GTPase_2_Rem2_transcript_variant_X2_mRNA_1                             0.1965108 0.1856509 0.1595490 0.1562009 0.1886950 0.1363181 0.1488772 0.4889822 0.1330939 0.2208167 0.1699669 0.1482236 0.1609861 0.1341721 0.2026727 0.5970456 0.0000000 0.1871960 0.4944018 0.1722344 0.1600641 0.1526410 0.1926264 0.1775652 0.1436419 0.1550564 0.1363148 0.2047687 0.1751196 0.1692532 0.1601640 0.3042355 0.3068869 0.0904379 0.1696213 0.1849984 0.2786312 0.1775206 0.0638575 0.2188458 0.1649131 0.2295817 0.0767811 0.1488191 0.1436110 0.1130260 0.1960164 0.1628840 0.1617278 0.1699777 0.2843213 0.2617210 0.1712136 0.2145861 0.1775652 0.1446203 0.1436357 0.1556008 0.2676697 0.2032398 0.1564624 0.1739613 0.1330939 0.1379333 0.1778566 0.1594474 0.1557860 0.0772290 0.1403887 0.1668305 0.1712890 0.1488191 0.1557592 0.1526146 0.1817842 0.1828292 0.1672231 0.1922459 0.1373303 0.1816990 0.1629676 0.1466674 0.1411378 0.1826229 0.1421610 0.1519597 0.1735292 0.1579023 0.1376479 0.1608147 0.1613001 0.4770944 0.1862653 0.2032173 0.1904167 0.1659966 0.1775513 0.1487057 0.1600365 0.1443255 0.1886950 0.1751581 0.1951038 0.1837402 0.1571601 0.1363148 0.1400198 0.1711460 0.4555880 0.1598620 0.1818840 0.2005453 0.1988294 0.1449130 0.1696444 0.1735292 0.1891595 0.1482171 0.1785781 0.1695671 0.1699482 0.1491282 0.1775206 0.1876919 0.1801650 0.1519597 0.2005453 0.1699777 0.1659966 0.1809840 0.1498898 0.4587714 0.1399353 0.1497308 0.1893903 0.1976472 0.1762871 0.1845452 0.1971293 0.5872396 0.1815790 0.1712513 0.1362651 0.2991764 0.2250200 0.1797458 0.1916845 0.1603084 0.1437286 0.1735292 0.1400259 0.4303971 0.4471745 0.1825547 0.1862209 0.1900188 0.1699777 0.1704023 0.1637457 0.1367831 0.2436448 0.2057149 0.1816670 0.3298409 0.2026727 0.2239099 0.1533362 0.2388582 0.2342033 0.4824907 0.1930222 
XM_027390645_2_PREDICTED_Cricetulus_griseus_RRAD_and_GEM_like_GTPase_2_Rem2_transcript_variant_X2_mRNA_1                          0.0937774 0.0877334 0.1500488 0.1501068 0.1694342 0.1349264 0.1583682 0.4905051 0.1433167 0.1898639 0.1658983 0.1614526 0.1538015 0.1806458 0.1795499 0.5550301 0.1871960 0.0000000 0.5129445 0.1606738 0.1538902 0.1545376 0.1785025 0.1708098 0.1348802 0.1531513 0.1277144 0.2060442 0.1562103 0.1591411 0.1647093 0.2673357 0.2838663 0.2044473 0.1640715 0.1849436 0.3123065 0.1469319 0.1602540 0.0606399 0.1710754 0.0520250 0.1916044 0.1583070 0.1348513 0.1252247 0.1865783 0.1690856 0.1601002 0.1439027 0.3049878 0.2527579 0.1655284 0.0649021 0.1667912 0.1431438 0.1421836 0.1379652 0.2103919 0.2148386 0.1545376 0.1842532 0.1433167 0.1398677 0.1589375 0.1098585 0.1538706 0.1615742 0.1422628 0.1730503 0.1655935 0.1583070 0.1463558 0.1621349 0.1560880 0.1765314 0.1690480 0.1839422 0.1439213 0.1708098 0.1675801 0.1451642 0.1305905 0.1606396 0.1519829 0.1500876 0.1628656 0.1370843 0.1362322 0.1664937 0.1486070 0.4300048 0.0878013 0.0946671 0.0734381 0.1476163 0.1469572 0.1241463 0.1505091 0.1201215 0.1694342 0.1562374 0.1756314 0.1686317 0.1710754 0.1277144 0.1385939 0.1524108 0.4221433 0.1625431 0.1801185 0.0975863 0.0495603 0.1276900 0.1524735 0.1708098 0.0878177 0.1538638 0.1606396 0.1469319 0.1513863 0.1244904 0.1469319 0.0970472 0.1624123 0.1500876 0.0975904 0.1439027 0.1476163 0.0580591 0.1435980 0.4547091 0.1385168 0.1519829 0.1939585 0.1719462 0.1780383 0.1937008 0.0525096 0.5439644 0.1601207 0.1655646 0.1276680 0.2712892 0.0491135 0.1647908 0.1834037 0.1520713 0.1313352 0.1708098 0.1313352 0.4331252 0.4557668 0.1756314 0.1857802 0.1801265 0.1439027 0.1476163 0.1664301 0.1396461 0.2333252 0.0586183 0.1707799 0.2995999 0.1795499 0.0614840 0.1629080 0.1194957 0.0641487 0.4943563 0.0965087 
XM_031955028_1_PREDICTED_Sarcophilus_harrisii_RRAD_and_GEM_like_GTPase_2_REM2_mRNA_1                                              0.4742347 0.5185079 0.4632186 0.4510747 0.4403770 0.4338564 0.4667690 0.1513152 0.4441964 0.5479631 0.4815716 0.4572136 0.4694065 0.4601052 0.5111487 0.4295611 0.4944018 0.5129445 0.0000000 0.4949651 0.4525155 0.4729402 0.4918472 0.4506824 0.4265374 0.4599481 0.4506671 0.5040222 0.4537900 0.4872093 0.4538512 0.4738905 0.4954202 0.5080410 0.5416168 0.4482745 0.7058733 0.4178155 0.5155158 0.5156727 0.4618709 0.5316938 0.5207749 0.4666239 0.4382553 0.3490300 0.4830936 0.4470494 0.4515777 0.4434478 0.6400468 0.6021693 0.4677220 0.5215660 0.4446542 0.4413413 0.4442724 0.4414817 0.4159550 0.5049268 0.4604809 0.4733483 0.4441964 0.4308458 0.4432382 0.4930016 0.4571956 0.5071652 0.4280340 0.4530476 0.4507880 0.4666239 0.4509940 0.4728767 0.4459648 0.4649049 0.4775152 0.4162549 0.4294108 0.4447153 0.4368462 0.4477723 0.4229881 0.4555128 0.4322676 0.4509940 0.4387917 0.4251673 0.4333183 0.4696307 0.4877049 0.1264513 0.5188106 0.5193117 0.4976831 0.4373819 0.4415716 0.4506782 0.4585902 0.4415606 0.4403770 0.4538705 0.4538128 0.4433684 0.4618709 0.4506671 0.4280340 0.4477661 0.1111624 0.4461311 0.4745638 0.5055889 0.5100899 0.4566744 0.4523154 0.4506824 0.4967099 0.4633625 0.4555128 0.4296069 0.4433860 0.4313484 0.4415101 0.4931162 0.4223596 0.4509940 0.5056075 0.4434478 0.4373819 0.4912323 0.4376679 0.1334400 0.4383326 0.4441106 0.4772126 0.5122325 0.5093945 0.4415524 0.5419721 0.4470808 0.4343398 0.4630117 0.4265374 0.4613659 0.5384480 0.4494005 0.4149335 0.3955992 0.4577934 0.4506824 0.4517839 0.1253787 0.1395069 0.4598614 0.5248250 0.4745815 0.4434478 0.4447095 0.4523618 0.4324638 0.4898374 0.5724728 0.4506211 0.5396127 0.5111487 0.5497854 0.4842666 0.5246732 0.5184873 0.0266555 0.4774023 
XM_003801909_3_PREDICTED_Otolemur_garnettii_RRAD_and_GEM_like_GTPase_2_REM2_mRNA_1                                                0.1873200 0.1942601 0.0943290 0.0943646 0.1288606 0.0969081 0.0881896 0.5017554 0.0985787 0.1506155 0.1060256 0.0910955 0.1017062 0.1194589 0.1404210 0.5381382 0.1722344 0.1606738 0.4949651 0.0000000 0.0976719 0.0914329 0.1198914 0.1275856 0.0968758 0.0946948 0.0978904 0.1431814 0.1129002 0.1196276 0.1184585 0.2477358 0.2558256 0.1774080 0.1654830 0.1277114 0.2413741 0.1186240 0.1202893 0.2153938 0.1390637 0.1911383 0.1447063 0.0881562 0.0968557 0.0866542 0.1290467 0.1374990 0.1294613 0.1088186 0.2103614 0.1949900 0.1202426 0.1858298 0.1240002 0.1007758 0.1001590 0.0972671 0.2002782 0.1575276 0.0914329 0.1046351 0.0985787 0.0956308 0.1079097 0.1560842 0.0846257 0.1316626 0.1035156 0.1411273 0.1202889 0.0881562 0.0846115 0.0914175 0.0946150 0.0777892 0.0624400 0.1394627 0.1023148 0.1275856 0.1390339 0.1023017 0.1009513 0.0952044 0.0881564 0.0814077 0.1204863 0.0916994 0.0977860 0.1373534 0.1186217 0.4174355 0.1944121 0.1912493 0.1538184 0.1053990 0.1186440 0.0966681 0.0910992 0.0907529 0.1288606 0.1129242 0.1317091 0.1248108 0.1390637 0.0978904 0.1002092 0.1094753 0.3980063 0.1312205 0.1226214 0.1762809 0.1715597 0.0933981 0.1117925 0.1275856 0.1768106 0.0910955 0.0952044 0.1117432 0.1088001 0.0946071 0.1186240 0.1913627 0.1265343 0.0814077 0.1762809 0.1088186 0.1053990 0.1784397 0.1311885 0.4066776 0.0968758 0.0946961 0.1328588 0.1235196 0.1171052 0.1403778 0.1736828 0.4973397 0.1221268 0.1202683 0.0903738 0.2384469 0.1869764 0.1213390 0.1431248 0.1143796 0.1035199 0.1275856 0.1002133 0.4385610 0.4609267 0.1209672 0.0855566 0.1226266 0.1088186 0.1159571 0.1348534 0.0952712 0.1909074 0.1907307 0.1275637 0.2787608 0.1404210 0.1820642 0.0917887 0.2045796 0.2048625 0.4708858 0.1688719 
XM_008960213_2_PREDICTED_Pan_paniscus_RRAD_and_GEM_like_GTPase_2_REM2_transcript_variant_X1_mRNA_1                                0.1802825 0.1715070 0.0077270 0.0025401 0.1214492 0.0793615 0.0405779 0.4759676 0.0804682 0.1535670 0.0650970 0.0236448 0.0210703 0.1103237 0.1344871 0.4868188 0.1600641 0.1538902 0.4525155 0.0976719 0.0000000 0.0377406 0.0651045 0.1212193 0.0815388 0.0130019 0.0828663 0.1331812 0.1137862 0.1076763 0.1123247 0.2200069 0.2501018 0.1811803 0.1616099 0.1271687 0.2515470 0.1126438 0.1210204 0.1945651 0.1227502 0.1996124 0.1489682 0.0349228 0.0885879 0.0613229 0.1358530 0.1069278 0.0996776 0.1068490 0.2173918 0.1795042 0.1206747 0.1787355 0.1177565 0.0827284 0.0822458 0.0856937 0.1828774 0.1714771 0.0377406 0.0928949 0.0804682 0.0768766 0.1023003 0.1489544 0.0265219 0.1181987 0.0793776 0.1102781 0.1207200 0.0349228 0.0265167 0.0377345 0.0612786 0.0994728 0.0932154 0.1465869 0.0839262 0.1212193 0.1297734 0.1031383 0.0768177 0.0616318 0.1029421 0.0292647 0.1143603 0.0964584 0.0800550 0.1388515 0.1028214 0.4119779 0.1716406 0.1762698 0.1510347 0.0967955 0.1126624 0.0860139 0.0320359 0.0825751 0.1214492 0.1070731 0.1251753 0.1109751 0.1227502 0.0828663 0.0824853 0.1037375 0.3928609 0.1222395 0.1064227 0.1621066 0.1726364 0.0828511 0.0994641 0.1212193 0.1625848 0.0156094 0.0616318 0.1059881 0.1000737 0.0862383 0.1126438 0.1842159 0.1143533 0.0292647 0.1621066 0.1000904 0.1035028 0.1716727 0.0936012 0.4176678 0.0791442 0.1095708 0.1205096 0.1220128 0.1191490 0.1406739 0.1742750 0.4639834 0.1093344 0.1206999 0.0754126 0.2114275 0.1954723 0.1076921 0.1461781 0.0936814 0.0885555 0.1212193 0.0854125 0.3832375 0.4251339 0.1182381 0.1047810 0.1131116 0.1000904 0.1100281 0.1257591 0.0868241 0.1782307 0.1910237 0.1200889 0.2750015 0.1344871 0.1905460 0.0435658 0.1965226 0.1803686 0.4403930 0.1573016 
