175
NM_022685_2_Rattus_norvegicus_RRAD_and_GEM_like_GTPase_2_Rem2_mRNA_1                                                              0.0000000 0.0577162 0.1580206 0.1605968 0.1681364 0.1551234 0.1615315 0.3733199 0.1437531 0.1690147 0.1643650 0.1651047 0.1692559 0.1746400 0.1732549 0.4241019 0.1785439 0.0883259 0.3869062 0.1735655 0.1619538 0.1588994 0.1700352 0.1631735 0.1570007 0.1575198 0.1483979 0.1939533 0.1653449 0.1527725 0.1766120 0.2020460 0.2306260 0.1870231 0.1586879 0.1945419 0.2994168 0.1773952 0.1545158 0.1106569 0.1700370 0.0906734 0.1655949 0.1602860 0.2133446 0.1434689 0.2161221 0.1611628 0.2222958 0.3681160 0.2335266 0.2310570 0.1756206 0.1060910 0.1645483 0.1560692 0.1596429 0.1464518 0.2230751 0.2162419 0.1586906 0.1700487 0.5536752 0.1528264 0.1670749 0.1159340 0.1654367 0.1590507 0.1579533 0.1637289 0.1779663 0.1574522 0.4899621 0.1603594 0.1603594 0.1601726 0.1603773 0.1587220 0.1642664 0.1481231 0.1628652 0.1692822 0.1652628 0.1781335 0.1590452 0.1892212 0.1640695 0.1626307 0.1633098 0.1534418 0.1210786 0.1655421 0.4085355 0.0521698 0.0577558 0.0861978 0.1594114 0.1675668 0.1516513 0.1969019 0.1833507 0.1603594 0.1695193 0.1666920 0.2788915 0.1668973 0.1681314 0.1514698 0.1549897 0.1652269 0.3529350 0.1657905 0.1763452 0.0568611 0.1035073 0.1544525 0.1592695 0.1584986 0.1517357 0.0542189 0.1641253 0.1607900 0.1762199 0.1608622 0.1515843 0.1740860 0.0078089 0.1716160 0.1611579 0.1515393 0.0555179 0.1655151 0.1610018 0.0936684 0.1802945 0.3393880 0.1568727 0.1890621 0.1903121 0.1715059 0.1973487 0.1864217 0.0831470 0.4353379 0.1618333 0.1793569 0.1563638 0.2082788 0.0895494 0.1689330 0.1649795 0.1420398 0.1615828 0.1630146 0.1587121 0.4698582 0.3760272 0.1663465 0.1554021 0.1843704 0.1641557 0.1800131 0.1700750 0.1424605 0.1868701 0.0934845 0.1627062 0.2531506 0.1731067 0.0924629 0.1576837 0.1003417 0.1017947 0.3881064 0.0648834 
NM_080726_3_Mus_musculus_rad_and_gem_related_GTP_binding_protein_2_Rem2_mRNA_1                                                    0.0577162 0.0000000 0.1516730 0.1542037 0.1701726 0.1501392 0.1622315 0.3910744 0.1415167 0.1650329 0.1593912 0.1599323 0.1626778 0.1757098 0.1726909 0.4252623 0.1794170 0.0790654 0.4035195 0.1766660 0.1555340 0.1568492 0.1683316 0.1594389 0.1582171 0.1483707 0.1395362 0.1870547 0.1643280 0.1539781 0.1706507 0.2012231 0.2356937 0.1936986 0.1629188 0.1859888 0.2953854 0.1718859 0.1514908 0.1025007 0.1633145 0.1014854 0.1739339 0.1582169 0.2147717 0.1348068 0.2188013 0.1603492 0.2307509 0.3681886 0.2237381 0.2173136 0.1737430 0.0990382 0.1636246 0.1469843 0.1491881 0.1390882 0.2278240 0.2170315 0.1579658 0.1758163 0.5499069 0.1481480 0.1615696 0.1088382 0.1589240 0.1549728 0.1529145 0.1628859 0.1716879 0.1582885 0.4761972 0.1582885 0.1582885 0.1629400 0.1717070 0.1686106 0.1621622 0.1429898 0.1619641 0.1625582 0.1665307 0.1864981 0.1576154 0.1863053 0.1575839 0.1589166 0.1641968 0.1501735 0.1250459 0.1603050 0.4218707 0.0130241 0.0312109 0.0790425 0.1598985 0.1679634 0.1426879 0.1912763 0.1793696 0.1582885 0.1686895 0.1670993 0.2634092 0.1658437 0.1614675 0.1425178 0.1514630 0.1656503 0.3647597 0.1591624 0.1762866 0.0486911 0.0984828 0.1454187 0.1569553 0.1576536 0.1427647 0.0429275 0.1576817 0.1592704 0.1765229 0.1613335 0.1453547 0.1759355 0.0600648 0.1725660 0.1547361 0.1425822 0.0453646 0.1659360 0.1614718 0.0888774 0.1652355 0.3590533 0.1464897 0.1862609 0.1903314 0.1702891 0.1946137 0.1847962 0.0874177 0.4368788 0.1622893 0.1730555 0.1513586 0.2059639 0.1003571 0.1678489 0.1641877 0.1383643 0.1549958 0.1619567 0.1521884 0.4985268 0.3939603 0.1625537 0.1637781 0.1844822 0.1645917 0.1804411 0.1633508 0.1427989 0.1781356 0.0960184 0.1618078 0.2567413 0.1725445 0.0991850 0.1569664 0.1017076 0.0901138 0.4020705 0.0531355 
NM_173527_3_Homo_sapiens_RRAD_and_GEM_like_GTPase_2_REM2_mRNA_1                                                                   0.1580206 0.1516730 0.0000000 0.0039474 0.1137345 0.0947133 0.0351023 0.3670466 0.0852159 0.1188475 0.0519640 0.0170758 0.0224309 0.1098399 0.1093346 0.3629129 0.1500465 0.1298729 0.3754028 0.1072704 0.0049382 0.0329974 0.0491073 0.1078175 0.1003857 0.0069446 0.0957905 0.1216940 0.0980621 0.0995817 0.1091531 0.1836310 0.1983612 0.1548070 0.1568366 0.1300183 0.2376938 0.1047651 0.1182303 0.1570131 0.1353627 0.1590381 0.1324201 0.0319274 0.1521852 0.0819795 0.1491576 0.0993072 0.1674146 0.2800456 0.1607105 0.1666918 0.1184725 0.1570102 0.1038575 0.0946318 0.0942975 0.1010742 0.1695979 0.1485154 0.0350947 0.0975720 0.4374362 0.0847955 0.0978998 0.1272181 0.0299246 0.1192843 0.0972014 0.1016632 0.1207033 0.0319403 0.2865239 0.0319403 0.0319403 0.0486618 0.0903501 0.0917129 0.1368838 0.0890355 0.1089216 0.1353817 0.1171968 0.1094599 0.0464917 0.1128895 0.0310004 0.1022966 0.1184239 0.0956854 0.1063513 0.1056124 0.3868144 0.1507704 0.1498063 0.1446330 0.0891499 0.1048921 0.0971836 0.0702039 0.1277379 0.0319403 0.1149995 0.0954590 0.1932156 0.1081404 0.1366446 0.0984793 0.0959181 0.0941907 0.3246761 0.1355156 0.1178455 0.1484908 0.1576526 0.0971836 0.0967802 0.1102088 0.1012314 0.1504687 0.0192178 0.0477221 0.1022511 0.0929609 0.0971388 0.1048449 0.1547537 0.1170203 0.0309878 0.0959560 0.1454681 0.0968593 0.0930342 0.1522032 0.1083985 0.3315346 0.0918435 0.1225321 0.1308695 0.1221415 0.1286998 0.1226615 0.1471340 0.3621476 0.1017438 0.1219620 0.0975007 0.1746739 0.1607004 0.1097988 0.1345640 0.0921014 0.0998626 0.1090125 0.0973512 0.4704880 0.3661439 0.1067367 0.0867269 0.1246352 0.0956512 0.1104388 0.1395925 0.0876584 0.1358535 0.1576812 0.1048795 0.2073395 0.1092454 0.1573859 0.0341220 0.1680203 0.1518730 0.3696338 0.1443715 
XM_009427474_3_PREDICTED_Pan_troglodytes_RRAD_and_GEM_like_GTPase_2_REM2_transcript_variant_X1_mRNA_1                             0.1605968 0.1542037 0.0039474 0.0000000 0.1131956 0.0970483 0.0372199 0.3683490 0.0850945 0.1213217 0.0541624 0.0191119 0.0245051 0.1123102 0.1091730 0.3687371 0.1483523 0.1296764 0.3725375 0.1071144 0.0009793 0.0351096 0.0513161 0.1051055 0.1049966 0.0109526 0.1007234 0.1242820 0.1005108 0.0994377 0.1089936 0.1817884 0.2012727 0.1532477 0.1566000 0.1298232 0.2374275 0.1046116 0.1180585 0.1567761 0.1351627 0.1616722 0.1334937 0.0340356 0.1593657 0.0864110 0.1520023 0.1017022 0.1702590 0.2882497 0.1604662 0.1664320 0.1183001 0.1567675 0.1011717 0.0995582 0.0992057 0.1034559 0.1693194 0.1512276 0.0372119 0.1000083 0.4334871 0.0871502 0.0977573 0.1270310 0.0320339 0.1191095 0.0970624 0.1040611 0.1205279 0.0340494 0.2911830 0.0340494 0.0340494 0.0508499 0.0902207 0.0915813 0.1366812 0.0889081 0.1062075 0.1351817 0.1156721 0.1092978 0.0486744 0.1127244 0.0331141 0.0996263 0.1182516 0.0980449 0.1061981 0.1132471 0.3861015 0.1533464 0.1495843 0.1444117 0.0915651 0.1047382 0.1021331 0.0713876 0.1317821 0.0340494 0.1144542 0.0978973 0.1896486 0.1076315 0.1364426 0.1034410 0.0982558 0.0966244 0.3259604 0.1353152 0.1162958 0.1482709 0.1574099 0.1021331 0.0941542 0.1074867 0.1036174 0.1502466 0.0212711 0.0476569 0.1021013 0.0953907 0.1020863 0.1046911 0.1573150 0.1168469 0.0331006 0.1008974 0.1452532 0.0993055 0.0980583 0.1548022 0.1082396 0.3328315 0.0967340 0.1223515 0.1292552 0.1233404 0.1285084 0.1251969 0.1496657 0.3679883 0.0990901 0.1217847 0.1020833 0.1728669 0.1633422 0.1092801 0.1343647 0.0900887 0.1047837 0.1062956 0.1022520 0.4638230 0.3633448 0.1040271 0.0891062 0.1230555 0.0980942 0.1102759 0.1393857 0.0875333 0.1356470 0.1602532 0.1018647 0.2085013 0.1090840 0.1600122 0.0362415 0.1677674 0.1516435 0.3668085 0.1441579 
XM_005623217_4_PREDICTED_Canis_lupus_familiaris_RRAD_and_GEM_like_GTPase_2_REM2_transcript_variant_X1_mRNA_1                      0.1681364 0.1701726 0.1137345 0.1131956 0.0000000 0.0869030 0.1066071 0.3484370 0.0726186 0.1241254 0.1229448 0.1162946 0.1152238 0.1030738 0.1179102 0.3631905 0.1569292 0.1312345 0.3421377 0.1261221 0.1144542 0.1067243 0.1197589 0.0686593 0.0843257 0.1146152 0.0919339 0.1286154 0.0414784 0.0803788 0.1161893 0.1734727 0.1702781 0.1602937 0.1590759 0.1269846 0.2268127 0.0517384 0.1288313 0.1766564 0.1458582 0.1633132 0.1376393 0.1054325 0.1384194 0.0796190 0.1482772 0.0931115 0.1629808 0.2279331 0.1718621 0.1639610 0.1016636 0.1675392 0.0662176 0.0903703 0.0875710 0.0891296 0.1553602 0.1524967 0.1091574 0.1114870 0.4603414 0.1080482 0.0393038 0.1237047 0.1084745 0.1392504 0.0893753 0.0970377 0.1038956 0.1054793 0.3914920 0.1054793 0.1054793 0.1137691 0.1012367 0.0995175 0.1307236 0.0750734 0.0685546 0.1435352 0.1067951 0.1141030 0.1152131 0.1023846 0.1072218 0.0648600 0.1038247 0.0877966 0.1082695 0.0980053 0.3529344 0.1657470 0.1643753 0.1442398 0.0381362 0.0506583 0.0903221 0.1460043 0.1218369 0.1054793 0.0009799 0.0414663 0.1528430 0.0080258 0.1429382 0.0917030 0.0881029 0.0403529 0.2880408 0.1421513 0.1178249 0.1591301 0.1622973 0.0903221 0.0613201 0.0721572 0.0918602 0.1639220 0.1108641 0.1141447 0.0472122 0.0392442 0.0891303 0.0529100 0.1706154 0.1033543 0.1071741 0.0917436 0.1602773 0.0448778 0.0415200 0.1638903 0.1099644 0.2979686 0.0851278 0.1022487 0.1318719 0.1285176 0.1243289 0.1098497 0.1628881 0.3570358 0.0600280 0.1051358 0.0881351 0.1707327 0.1620821 0.0090668 0.1324479 0.0622695 0.0934518 0.0686078 0.0909448 0.4652741 0.3346778 0.0711707 0.1068844 0.1204052 0.0437861 0.0496012 0.1450122 0.0701844 0.1403538 0.1668894 0.0646877 0.1757187 0.1190978 0.1598474 0.1081957 0.1749428 0.1724834 0.3409692 0.1551648 
NM_001192708_1_Bos_taurus_RRAD_and_GEM_like_GTPase_2_REM2_mRNA_2                                                                  0.1551234 0.1501392 0.0947133 0.0970483 0.0869030 0.0000000 0.1059002 0.3507504 0.0592352 0.1162388 0.1051944 0.1047942 0.1049588 0.0665025 0.0946140 0.3628791 0.1453506 0.1263058 0.3624783 0.1177192 0.0982558 0.1035019 0.1127932 0.0753178 0.0161233 0.0968934 0.0490058 0.1010551 0.0670947 0.0666221 0.0939058 0.1712093 0.1718516 0.1552340 0.1583089 0.1048190 0.2044683 0.0818781 0.1211030 0.1652820 0.1432523 0.1597950 0.1261475 0.1022378 0.0693590 0.0036975 0.1359099 0.0611261 0.1204457 0.2496910 0.1560738 0.1555518 0.0883172 0.1460241 0.0752309 0.0499987 0.0498312 0.0511450 0.1454294 0.1363896 0.1045706 0.1094408 0.3938304 0.0983920 0.0696403 0.1154308 0.1052032 0.1280521 0.0019710 0.0633407 0.0904879 0.1022824 0.3855826 0.1010294 0.1022824 0.1040688 0.0916047 0.0966799 0.1332237 0.0604445 0.0752018 0.1363639 0.0858570 0.0934464 0.0978532 0.0848399 0.1039763 0.0738366 0.0957450 0.0000010 0.0992213 0.0234860 0.3602551 0.1511769 0.1500331 0.1389745 0.0635408 0.0753887 0.0500429 0.1298014 0.0745739 0.1022824 0.0869138 0.0670772 0.1568589 0.0817116 0.1446878 0.0466582 0.0009840 0.0658957 0.3098510 0.1364988 0.0999261 0.1489669 0.1395715 0.0500429 0.0654052 0.0764364 0.0489688 0.1440078 0.0994461 0.0968035 0.0757915 0.0647165 0.0500191 0.0780831 0.1547593 0.0852938 0.1039308 0.0489090 0.1459329 0.0707258 0.0647650 0.1399921 0.0934963 0.3154702 0.0476175 0.0847766 0.1178259 0.1026823 0.0986435 0.0995277 0.1514933 0.3547779 0.0699662 0.0916790 0.0140481 0.1637064 0.1585693 0.0831992 0.1309044 0.0636444 0.0201968 0.0752605 0.0181332 0.4610163 0.3402962 0.0754590 0.0995218 0.1051501 0.0695825 0.0810304 0.1392840 0.0580865 0.1424153 0.1565107 0.0738682 0.1769525 0.0957555 0.1588661 0.1024253 0.1671266 0.1635825 0.3476697 0.1455925 
XM_001100692_4_PREDICTED_Macaca_mulatta_RRAD_and_GEM_like_GTPase_2_REM2_mRNA_1                                                    0.1615315 0.1622315 0.0351023 0.0372199 0.1066071 0.1059002 0.0000000 0.3586531 0.0848596 0.1293451 0.0551171 0.0308022 0.0340887 0.1118692 0.1061544 0.3784447 0.1396470 0.1225533 0.3617790 0.1031299 0.0382847 0.0059338 0.0533183 0.1008889 0.1078682 0.0383346 0.1029535 0.1209785 0.0925155 0.0965999 0.1033642 0.1743792 0.1913441 0.1456594 0.1421866 0.1270783 0.2336891 0.1080936 0.1150283 0.1509496 0.1321504 0.1554593 0.1236509 0.0029568 0.1579625 0.0907794 0.1351928 0.1049956 0.1723686 0.2931874 0.1446118 0.1602955 0.1113651 0.1505197 0.0982519 0.1017879 0.0988685 0.1109185 0.1669991 0.1404970 0.0099613 0.0959024 0.4629705 0.0868592 0.0974215 0.1240325 0.0140809 0.1134535 0.1084370 0.1073523 0.1135761 0.0049408 0.2717549 0.0049408 0.0049408 0.0495289 0.0888885 0.0864233 0.1308777 0.0898427 0.1007230 0.1307067 0.1113223 0.1197502 0.0473662 0.1164064 0.0130645 0.0967269 0.1166147 0.1069959 0.1047310 0.1131725 0.3764879 0.1530670 0.1464932 0.1355166 0.0874414 0.1043742 0.1069662 0.0536100 0.1314784 0.0049408 0.1078525 0.0924942 0.1863630 0.1024544 0.1279581 0.1056778 0.1071247 0.0912383 0.3140338 0.1308334 0.1185697 0.1508130 0.1511799 0.1044289 0.0913682 0.0994675 0.1084687 0.1484565 0.0297000 0.0485950 0.1017476 0.0912217 0.1017959 0.1043274 0.1554596 0.1177877 0.0130593 0.1057243 0.1477836 0.0950875 0.0912931 0.1416464 0.1184336 0.3126526 0.0964049 0.1246986 0.1287934 0.1202162 0.1244069 0.1181424 0.1424457 0.3812846 0.0987538 0.1122659 0.1049226 0.1655845 0.1571017 0.1040723 0.1285771 0.0850609 0.1073040 0.0982917 0.1047609 0.4696996 0.3580765 0.0985542 0.0851547 0.1226943 0.0938882 0.1085342 0.1348624 0.0848612 0.1284948 0.1543267 0.0992705 0.1872536 0.1060684 0.1509942 0.0069415 0.1559564 0.1470833 0.3542613 0.1494150 
XM_007479801_2_PREDICTED_Monodelphis_domestica_RAS_RAD_and_GEM_like_GTP_binding_2_REM2_mRNA_1                                     0.3733199 0.3910744 0.3670466 0.3683490 0.3484370 0.3507504 0.3586531 0.0000000 0.3413495 0.3717077 0.3660922 0.3624575 0.3742556 0.3627713 0.3528810 0.4103577 0.3950476 0.3635284 0.1251854 0.3784973 0.3702709 0.3632372 0.3711219 0.3407975 0.3427394 0.3720097 0.3650715 0.3750905 0.3544222 0.3665910 0.3500721 0.3482445 0.3731418 0.3892840 0.3745767 0.3828997 0.5127655 0.3466074 0.3558338 0.4118546 0.3813854 0.3958495 0.3655593 0.3611267 0.3721771 0.3078884 0.4327673 0.3370934 0.4629455 0.6714254 0.3900770 0.3873828 0.3405744 0.3810782 0.3450287 0.3565767 0.3473181 0.3501320 0.3730917 0.3751221 0.3586885 0.3691470 0.9226953 0.3545250 0.3531741 0.3585141 0.3655064 0.3669589 0.3488992 0.3395139 0.3490925 0.3613249 0.8060540 0.3613249 0.3613249 0.3690448 0.3669858 0.3448935 0.3376795 0.3438912 0.3429734 0.3862598 0.3422021 0.3541825 0.3741254 0.3509015 0.3635893 0.3418401 0.3569504 0.3536759 0.3516557 0.3549497 0.1579099 0.3720602 0.3768351 0.3923292 0.3481038 0.3500871 0.3580102 0.4091216 0.3657933 0.3613249 0.3503319 0.3567717 0.4892080 0.3524552 0.3841511 0.3622659 0.3485842 0.3546593 0.0863840 0.3871280 0.3768259 0.3817320 0.3762670 0.3621427 0.3454662 0.3319348 0.3649833 0.3863752 0.3662383 0.3749283 0.3452128 0.3501984 0.3622716 0.3494041 0.3721533 0.3258906 0.3633897 0.3621896 0.3867091 0.3523153 0.3505887 0.3691805 0.3585977 0.0950762 0.3434634 0.3541129 0.3869044 0.3716486 0.3708691 0.3540616 0.3988919 0.4188791 0.3335272 0.3507017 0.3567956 0.3597807 0.4032159 0.3543893 0.3366031 0.2948138 0.3468902 0.3362455 0.3470456 0.1778069 0.0394196 0.3453626 0.3656841 0.3816645 0.3504228 0.3501417 0.3834777 0.3353598 0.3671686 0.4167487 0.3460541 0.3681629 0.3503766 0.4037417 0.3614126 0.4031097 0.3991393 0.1243901 0.3756835 
XM_023622024_1_PREDICTED_Equus_caballus_RRAD_and_GEM_like_GTPase_2_REM2_transcript_variant_X1_mRNA_1                              0.1437531 0.1415167 0.0852159 0.0850945 0.0726186 0.0592352 0.0848596 0.3413495 0.0000000 0.1026461 0.0889770 0.0876164 0.0853527 0.0753249 0.0864198 0.3524594 0.1231073 0.1194457 0.3520397 0.1023927 0.0862840 0.0825276 0.0987832 0.0578754 0.0617828 0.0849586 0.0586344 0.0972393 0.0544744 0.0448335 0.0863681 0.1504961 0.1625686 0.1391845 0.1375026 0.0966048 0.2145513 0.0664710 0.1064065 0.1525143 0.1188841 0.1535882 0.1158049 0.0813115 0.1089160 0.0534697 0.1107653 0.0660984 0.1347725 0.2452732 0.1446454 0.1476298 0.0771537 0.1415897 0.0578112 0.0572994 0.0548262 0.0562076 0.1422857 0.1218119 0.0848464 0.0926845 0.3384455 0.0798549 0.0557223 0.1033480 0.0840926 0.1130970 0.0615357 0.0671559 0.0793023 0.0813466 0.3793588 0.0813466 0.0813466 0.0915599 0.0778959 0.0816582 0.1194997 0.0049594 0.0577898 0.1123057 0.0771273 0.0829103 0.0891988 0.0767680 0.0829044 0.0565004 0.0809277 0.0598189 0.0771509 0.0694168 0.3468424 0.1395135 0.1387217 0.1276037 0.0498370 0.0628301 0.0584702 0.1171879 0.0899308 0.0813466 0.0737960 0.0498469 0.1378674 0.0687431 0.1188193 0.0584924 0.0603611 0.0487025 0.2889614 0.1124115 0.0867986 0.1363795 0.1381751 0.0584702 0.0516920 0.0589447 0.0585894 0.1327269 0.0837665 0.0881494 0.0605464 0.0486762 0.0584424 0.0651534 0.1434193 0.0776808 0.0828685 0.0585171 0.1361008 0.0568299 0.0487119 0.1398323 0.0816634 0.2945053 0.0525727 0.0755140 0.1050887 0.0966842 0.0956577 0.0842873 0.1397951 0.3486730 0.0562241 0.0804688 0.0605984 0.1535409 0.1523696 0.0701620 0.1184635 0.0524007 0.0653400 0.0578336 0.0630050 0.4633084 0.3329043 0.0579863 0.0805477 0.0943381 0.0557069 0.0677908 0.1163147 0.0029660 0.1257704 0.1506267 0.0553753 0.1645097 0.0863509 0.1475377 0.0814597 0.1533179 0.1410841 0.3407601 0.1417779 
XM_051822640_1_PREDICTED_Oryctolagus_cuniculus_RRAD_and_GEM_like_GTPase_2_LOC100344089_mRNA_1                                     0.1690147 0.1650329 0.1188475 0.1213217 0.1241254 0.1162388 0.1293451 0.3717077 0.1026461 0.0000000 0.1309907 0.1241184 0.1229876 0.1379562 0.1395659 0.3728287 0.1592947 0.1454532 0.3813734 0.1408311 0.1226105 0.1268019 0.1338841 0.1201329 0.1179074 0.1197286 0.1105535 0.1462612 0.1094694 0.1158744 0.1245243 0.1343326 0.1788781 0.1621204 0.1576401 0.1488787 0.2478958 0.1092261 0.1392039 0.1704217 0.1583945 0.1587210 0.1382784 0.1254470 0.1794365 0.1107252 0.1610911 0.1128750 0.1867041 0.3242350 0.1873073 0.1835541 0.1363844 0.1663887 0.1160385 0.1119747 0.1103004 0.1077169 0.1617259 0.1704191 0.1293314 0.1269508 0.4745195 0.1155699 0.1095953 0.1329295 0.1287090 0.1434279 0.1189014 0.1153261 0.1392969 0.1255039 0.4512495 0.1255039 0.1255039 0.1283843 0.1212523 0.1169780 0.1406062 0.1054066 0.1199218 0.1572595 0.1348233 0.1430479 0.1258477 0.1339552 0.1274029 0.1156339 0.1387580 0.1158948 0.1138155 0.1212527 0.3895555 0.1692277 0.1557578 0.1445980 0.1053539 0.1025793 0.1147587 0.1647148 0.1539275 0.1255039 0.1254325 0.1080823 0.2184978 0.1182994 0.1591930 0.1134119 0.1175202 0.1067586 0.3246739 0.1567136 0.1390722 0.1621747 0.1611866 0.1147587 0.1016188 0.1240317 0.1136112 0.1596585 0.1228341 0.1247682 0.1066682 0.1066733 0.1132575 0.1103631 0.1722719 0.1273945 0.1273449 0.1134635 0.1692428 0.1134729 0.1067604 0.1629294 0.1357506 0.3331930 0.1089720 0.1366139 0.1581569 0.1465645 0.1524752 0.1363146 0.1573753 0.3693849 0.1085542 0.1406230 0.1192326 0.1289284 0.1588562 0.1168475 0.1382449 0.1039241 0.1193136 0.1200259 0.1179618 0.5244530 0.3694065 0.1176760 0.1169350 0.1464484 0.1122116 0.1037183 0.1609809 0.1026943 0.1440421 0.1585994 0.1156865 0.1840261 0.1394469 0.1568274 0.1242146 0.1663845 0.1626685 0.3780122 0.1587678 
XM_035260095_1_PREDICTED_Callithrix_jacchus_RRAD_and_GEM_like_GTPase_2_REM2_transcript_variant_X1_mRNA_1                          0.1643650 0.1593912 0.0519640 0.0541624 0.1229448 0.1051944 0.0551171 0.3660922 0.0889770 0.1309907 0.0000000 0.0530629 0.0531761 0.1231552 0.1227383 0.3911595 0.1524655 0.1343391 0.3653638 0.1146627 0.0552695 0.0551739 0.0307716 0.1188373 0.1083926 0.0553435 0.1047247 0.1342777 0.1004212 0.1035278 0.1089103 0.1784106 0.2085859 0.1623962 0.1474906 0.1441146 0.2573437 0.1125868 0.1222587 0.1588003 0.1421842 0.1654470 0.1435519 0.0540465 0.1667604 0.1010103 0.1472888 0.1124033 0.1817349 0.2858409 0.1758724 0.1716148 0.1266738 0.1580702 0.1147140 0.1023290 0.1031827 0.1074875 0.1792952 0.1588724 0.0551066 0.1064050 0.4624139 0.0910761 0.1083309 0.1287056 0.0530951 0.1247405 0.1077407 0.1147972 0.1289216 0.0540689 0.3441501 0.0518038 0.0540689 0.0263225 0.0968069 0.0942933 0.1460453 0.0915003 0.1186329 0.1420629 0.1253625 0.1245214 0.0232331 0.1195964 0.0519908 0.1118458 0.1319098 0.1048791 0.1079139 0.1137954 0.3809863 0.1574781 0.1504581 0.1419789 0.0939435 0.1140939 0.1062146 0.0909784 0.1442958 0.0540689 0.1242274 0.1016717 0.2085173 0.1186063 0.1406817 0.1074732 0.1052066 0.1003902 0.3281396 0.1422050 0.1274860 0.1589468 0.1593439 0.1087720 0.1100187 0.1146510 0.1102896 0.1526200 0.0495800 0.0253703 0.1114009 0.0952086 0.1087223 0.1140426 0.1611611 0.1323219 0.0519692 0.1075208 0.1559635 0.1017134 0.0952837 0.1538596 0.1257409 0.3358129 0.1006898 0.1293886 0.1450477 0.1360333 0.1379800 0.1250394 0.1557593 0.3951851 0.1110686 0.1301988 0.1063560 0.1694848 0.1657509 0.1203266 0.1436968 0.1064034 0.1052905 0.1161168 0.1027447 0.4785892 0.3649510 0.1164305 0.0955405 0.1344181 0.1004990 0.1120578 0.1463265 0.0889273 0.1462349 0.1604160 0.1144882 0.1998809 0.1226373 0.1637645 0.0541418 0.1741787 0.1489498 0.3596974 0.1493427 
XM_002824566_3_PREDICTED_Pongo_abelii_RRAD_and_GEM_like_GTPase_2_REM2_mRNA_1                                                      0.1651047 0.1599323 0.0170758 0.0191119 0.1162946 0.1047942 0.0308022 0.3624575 0.0876164 0.1241184 0.0530629 0.0000000 0.0224304 0.1097933 0.1079840 0.3686348 0.1474468 0.1326513 0.3622299 0.1085636 0.0201340 0.0308332 0.0501831 0.1075977 0.1079773 0.0201596 0.1033522 0.1229494 0.0979603 0.1008408 0.1077086 0.1820663 0.1998437 0.1506377 0.1538818 0.1314082 0.2379484 0.1072906 0.1131457 0.1627075 0.1355102 0.1648802 0.1244072 0.0297692 0.1595693 0.0941241 0.1460257 0.1032015 0.1738353 0.2910208 0.1548907 0.1667950 0.1223896 0.1597766 0.1037509 0.1021816 0.1018190 0.1113535 0.1731200 0.1497530 0.0329217 0.0937089 0.4505184 0.0847566 0.1029280 0.1272931 0.0298924 0.1193546 0.1073296 0.1055689 0.1220195 0.0297802 0.2949382 0.0297802 0.0297802 0.0474788 0.0916384 0.0891531 0.1367637 0.0926457 0.1074178 0.1340479 0.1223409 0.1188862 0.0453154 0.1154325 0.0288382 0.1021916 0.1223981 0.1058791 0.1051346 0.1132875 0.3836601 0.1563592 0.1496609 0.1459334 0.0928114 0.1074211 0.1073833 0.0701253 0.1349320 0.0297802 0.1175640 0.0979383 0.1945644 0.1080296 0.1340256 0.1060891 0.1060184 0.0966646 0.3201120 0.1341801 0.1230704 0.1540175 0.1604100 0.1073833 0.0992376 0.1061447 0.1088932 0.1531502 0.0181953 0.0465386 0.1047674 0.0966467 0.1047248 0.1073728 0.1589681 0.1209653 0.0288265 0.1061360 0.1509603 0.1005723 0.0967233 0.1549232 0.1176468 0.3229371 0.0993342 0.1251238 0.1362416 0.1274176 0.1313622 0.1199195 0.1541510 0.3675557 0.0991313 0.1258916 0.1050277 0.1731308 0.1665653 0.1096862 0.1344454 0.0918190 0.1074119 0.1049557 0.1048656 0.4610397 0.3615871 0.1052372 0.0853761 0.1299245 0.0993586 0.1103914 0.1382491 0.0900689 0.1344796 0.1663621 0.1047722 0.2036231 0.1078960 0.1632052 0.0319485 0.1709142 0.1498051 0.3546946 0.1498635 
XM_003260595_2_PREDICTED_Nomascus_leucogenys_RRAD_and_GEM_like_GTPase_2_REM2_mRNA_1                                               0.1692559 0.1626778 0.0224309 0.0245051 0.1152238 0.1049588 0.0340887 0.3742556 0.0853527 0.1229876 0.0531761 0.0224304 0.0000000 0.1123915 0.1069089 0.3756342 0.1443736 0.1292312 0.3691826 0.1085962 0.0255468 0.0341231 0.0548799 0.1092774 0.1082557 0.0266185 0.0982287 0.1246325 0.0995938 0.1011048 0.1093911 0.1826344 0.2002608 0.1546127 0.1571725 0.1374407 0.2406572 0.1050475 0.1141605 0.1591619 0.1380206 0.1579929 0.1243101 0.0330489 0.1568625 0.0941622 0.1478420 0.1043445 0.1728658 0.3021270 0.1568619 0.1670573 0.1249820 0.1576964 0.1040226 0.0970675 0.0967244 0.1061370 0.1723718 0.1484088 0.0351688 0.0927083 0.4417043 0.0825087 0.0994283 0.1283835 0.0331862 0.1178378 0.1074978 0.1067107 0.1272194 0.0330623 0.2988056 0.0330623 0.0330623 0.0543781 0.0917850 0.0919132 0.1356883 0.0876619 0.1090936 0.1365522 0.1266654 0.1190763 0.0521852 0.1143678 0.0321231 0.1024590 0.1267254 0.1060468 0.1062751 0.1135794 0.3908085 0.1589995 0.1521442 0.1451658 0.0918489 0.1022562 0.1009947 0.0742354 0.1275154 0.0330623 0.1164930 0.0969779 0.2010212 0.1096045 0.1352479 0.1009301 0.1061847 0.0957036 0.3261185 0.1366873 0.1234630 0.1567361 0.1581833 0.1009947 0.0969342 0.1078138 0.1036958 0.1558542 0.0059678 0.0534454 0.1012441 0.0931134 0.0983730 0.1038382 0.1630778 0.1211574 0.0321100 0.1009746 0.1536650 0.0996124 0.0931869 0.1542456 0.1160591 0.3353819 0.0942632 0.1240511 0.1325680 0.1278237 0.1373435 0.1237817 0.1504929 0.3749044 0.1005407 0.1284892 0.1052993 0.1750705 0.1596422 0.1112734 0.1333687 0.0936456 0.1063126 0.1066195 0.1051365 0.4943969 0.3691536 0.1069062 0.0881063 0.1303373 0.0983977 0.1080148 0.1379831 0.0877987 0.1333908 0.1625532 0.1050457 0.2064585 0.1094861 0.1583367 0.0352538 0.1662917 0.1544073 0.3756730 0.1525690 
XM_021099265_1_PREDICTED_Sus_scrofa_RRAD_and_GEM_like_GTPase_2_REM2_transcript_variant_X1_mRNA_1                                  0.1746400 0.1757098 0.1098399 0.1123102 0.1030738 0.0665025 0.1118692 0.3627713 0.0753249 0.1379562 0.1231552 0.1097933 0.1123915 0.0000000 0.1137274 0.3884972 0.1429256 0.1496233 0.3787261 0.1201780 0.1135598 0.1094335 0.1216919 0.0876805 0.0704908 0.1120618 0.0599569 0.1182850 0.0789775 0.0794093 0.1104544 0.1903602 0.1840006 0.1667710 0.1624390 0.1183498 0.2151519 0.0955147 0.1283820 0.1855972 0.1522854 0.1802476 0.1347860 0.1081467 0.1178947 0.0578655 0.1561016 0.0737171 0.1398065 0.2691165 0.1735194 0.1625810 0.1022379 0.1742257 0.0851065 0.0597369 0.0549251 0.0668491 0.1536014 0.1413452 0.1119085 0.1154029 0.4284597 0.1120752 0.0867699 0.1326325 0.1152395 0.1251622 0.0688476 0.0759859 0.1019289 0.1081943 0.4019928 0.1081943 0.1081943 0.1140438 0.0987466 0.0984176 0.1350533 0.0778496 0.0875396 0.1467771 0.1021993 0.1225139 0.1102430 0.0975688 0.1139838 0.0836404 0.1088594 0.0660091 0.1112606 0.0777620 0.3709066 0.1774112 0.1685067 0.1607079 0.0778882 0.0914513 0.0645032 0.1421892 0.0926453 0.1081943 0.1017665 0.0790909 0.1776075 0.0976258 0.1537535 0.0598113 0.0676477 0.0778632 0.3272908 0.1454045 0.1186405 0.1658105 0.1672780 0.0645032 0.0870171 0.0888295 0.0611312 0.1590560 0.1080015 0.1118275 0.0891946 0.0791161 0.0644727 0.0943236 0.1682617 0.1030287 0.1139333 0.0598367 0.1623240 0.0854106 0.0791774 0.1694164 0.1072497 0.3270169 0.0526675 0.0974971 0.1233672 0.1252108 0.1242740 0.1149419 0.1725261 0.3753589 0.0869235 0.1056897 0.0678403 0.1857872 0.1775820 0.0992200 0.1327239 0.0719329 0.0762488 0.0876103 0.0738541 0.4860375 0.3519468 0.0878453 0.0973515 0.1241368 0.0842241 0.0997320 0.1482453 0.0753622 0.1454346 0.1793901 0.0836770 0.1899662 0.1148977 0.1823449 0.1053419 0.1802367 0.1861893 0.3672852 0.1674464 
XM_003420937_2_PREDICTED_Loxodonta_africana_RRAD_and_GEM_like_GTPase_2_REM2_transcript_variant_X1_mRNA_1                          0.1732549 0.1726909 0.1093346 0.1091730 0.1179102 0.0946140 0.1061544 0.3528810 0.0864198 0.1395659 0.1227383 0.1079840 0.1069089 0.1137274 0.0000000 0.3864803 0.1660396 0.1364398 0.3638874 0.1300440 0.1104370 0.1036984 0.1239515 0.1106591 0.1000365 0.1115931 0.1049114 0.0601476 0.1030013 0.0999938 0.0933919 0.1957900 0.1844491 0.1772659 0.1593697 0.1411977 0.1587700 0.1067412 0.1440072 0.1696795 0.1654279 0.1666017 0.1454522 0.1024039 0.1497326 0.0870360 0.1640682 0.1119321 0.1763147 0.3063840 0.1074009 0.1117873 0.1196751 0.1627991 0.1078897 0.1032466 0.0989163 0.1020108 0.1698900 0.0895950 0.1035079 0.1100925 0.4591722 0.1128344 0.1018648 0.1302759 0.1068495 0.1417023 0.0971594 0.1130373 0.1219487 0.1024496 0.4250540 0.1024496 0.1024496 0.1175767 0.1135278 0.1105892 0.1476845 0.0864664 0.1104685 0.1552139 0.1169187 0.1296480 0.1124279 0.1141536 0.1055893 0.1088849 0.1288551 0.0956079 0.1159924 0.1025440 0.3577155 0.1694154 0.1625567 0.1484653 0.1003374 0.1060376 0.1046021 0.1396655 0.1341197 0.1024496 0.1192112 0.1016182 0.2046352 0.1135293 0.1653496 0.1046431 0.0958466 0.1003084 0.3044416 0.1582325 0.1267932 0.1600360 0.1575410 0.1046021 0.0994403 0.1145021 0.1048255 0.1584495 0.1025031 0.1113496 0.1001674 0.1016473 0.1045532 0.1056735 0.1711997 0.1163534 0.1055419 0.1046903 0.1626625 0.1016730 0.1017301 0.1526143 0.1229148 0.3143251 0.0963945 0.1185175 0.1363266 0.1271870 0.1347625 0.1044340 0.1518278 0.3801738 0.1031459 0.1232331 0.0987991 0.1969967 0.1683331 0.1152570 0.1482594 0.0955116 0.0998684 0.1105630 0.0972990 0.5105481 0.3446370 0.1108669 0.1102610 0.1323026 0.1030332 0.1145043 0.1596038 0.0851750 0.1526323 0.1633413 0.1076218 0.1893916 0.0019767 0.1619181 0.1009252 0.1655295 0.1714156 0.3587961 0.1658046 
XM_029077766_2_PREDICTED_Ornithorhynchus_anatinus_RRAD_and_GEM_like_GTPase_2_REM2_mRNA_1                                          0.4241019 0.4252623 0.3629129 0.3687371 0.3631905 0.3628791 0.3784447 0.4103577 0.3524594 0.3728287 0.3911595 0.3686348 0.3756342 0.3884972 0.3864803 0.0000000 0.4393193 0.4074624 0.3743388 0.4024778 0.3687535 0.3745083 0.3855825 0.3727674 0.3577316 0.3606359 0.3757017 0.3996272 0.3795719 0.3799415 0.3737772 0.3802397 0.3776969 0.4653123 0.4472458 0.4128683 0.5585802 0.3797249 0.4168744 0.4316480 0.4167884 0.4260794 0.4124440 0.3722134 0.4033092 0.2822754 0.4702853 0.3636199 0.4977414 0.7375942 0.4409250 0.3904031 0.4017330 0.4294304 0.3675336 0.3752910 0.3640098 0.3758240 0.3865828 0.4032928 0.3740302 0.3744661 1.0770388 0.3771362 0.3586959 0.4259979 0.3808865 0.3986369 0.3652672 0.3624749 0.4032854 0.3724333 0.9451085 0.3697887 0.3676816 0.3637863 0.3683006 0.3767756 0.4055264 0.3494811 0.3719567 0.4219018 0.4080907 0.4277974 0.3652046 0.3922390 0.3787926 0.3639643 0.4055023 0.3682485 0.3834180 0.3782363 0.4274332 0.4345082 0.4395236 0.4168997 0.3744168 0.3762930 0.3860894 0.3760437 0.3944890 0.3724333 0.3652530 0.3704519 0.5395683 0.3634966 0.4245360 0.3810917 0.3649193 0.3681488 0.3666988 0.4202116 0.3984818 0.4309192 0.4297384 0.3860894 0.3809499 0.3767799 0.3840739 0.4255819 0.3702403 0.3660321 0.3730470 0.3788968 0.3859248 0.3839852 0.4273209 0.3899904 0.3785678 0.3813175 0.4228086 0.3847019 0.3793595 0.4308316 0.3743970 0.3697050 0.3665087 0.3988275 0.4304994 0.4183586 0.4283407 0.3629251 0.4234095 0.0383517 0.3717956 0.4054117 0.3640835 0.3735192 0.4292524 0.3641092 0.4038261 0.2970167 0.3709701 0.3701135 0.3664272 0.5597347 0.4179181 0.3668998 0.3849047 0.4032297 0.3758777 0.3975029 0.4247174 0.3502564 0.3720649 0.4195670 0.3686175 0.4101239 0.3886111 0.4300513 0.3751933 0.4367312 0.4231269 0.3920962 0.4258235 
XM_023567007_1_PREDICTED_Cavia_porcellus_RRAD_and_GEM_like_GTPase_2_Rem2_transcript_variant_X2_mRNA_1                             0.1785439 0.1794170 0.1500465 0.1483523 0.1569292 0.1453506 0.1396470 0.3950476 0.1231073 0.1592947 0.1524655 0.1474468 0.1443736 0.1429256 0.1660396 0.4393193 0.0000000 0.1572604 0.4084759 0.1540454 0.1496902 0.1382960 0.1679633 0.1504530 0.1515033 0.1552424 0.1319987 0.1794143 0.1405170 0.1375775 0.1577395 0.2084602 0.2325855 0.0966084 0.1649331 0.1700168 0.2701834 0.1539752 0.0850502 0.1852946 0.1607243 0.1754098 0.0829902 0.1384236 0.2139710 0.1356769 0.1971204 0.1476783 0.2226079 0.3469375 0.2048560 0.2100418 0.1612491 0.1766831 0.1411124 0.1337863 0.1332129 0.1380207 0.1977945 0.1888507 0.1411991 0.1616005 0.4962508 0.1341298 0.1466240 0.1377327 0.1488035 0.0882635 0.1466754 0.1502232 0.1623539 0.1356836 0.4462374 0.1384866 0.1384866 0.1620900 0.1524806 0.1468677 0.1428689 0.1273262 0.1501311 0.1557325 0.1568991 0.1614421 0.1620529 0.1563237 0.1474643 0.1427347 0.1632668 0.1469412 0.1169970 0.1568003 0.4436351 0.1751894 0.1736055 0.1558688 0.1378662 0.1460087 0.1353750 0.1861150 0.1744632 0.1369821 0.1583140 0.1421277 0.2543976 0.1549120 0.1559513 0.1349686 0.1466814 0.1407106 0.3714346 0.1578382 0.1706489 0.1729976 0.1713412 0.1353750 0.1432489 0.1487292 0.1337690 0.1675920 0.1395266 0.1596136 0.1469228 0.1392759 0.1353139 0.1535515 0.1764725 0.1711242 0.1473967 0.1322317 0.1757227 0.1465843 0.1393949 0.1630938 0.1459273 0.3616665 0.1305505 0.1576476 0.1720183 0.1721647 0.1742871 0.1611658 0.1636700 0.4473790 0.1445604 0.1636246 0.1486903 0.2069970 0.1771623 0.1553812 0.1418250 0.1341480 0.1483912 0.1474397 0.1455876 0.4932907 0.3945822 0.1519478 0.1468851 0.1766880 0.1452506 0.1526119 0.1591857 0.1244945 0.1679237 0.1759007 0.1456019 0.2373010 0.1660027 0.1772322 0.1386869 0.1797591 0.1773158 0.4095323 0.1748984 
XM_027390645_2_PREDICTED_Cricetulus_griseus_RRAD_and_GEM_like_GTPase_2_Rem2_transcript_variant_X2_mRNA_1                          0.0883259 0.0790654 0.1298729 0.1296764 0.1312345 0.1263058 0.1225533 0.3635284 0.1194457 0.1454532 0.1343391 0.1326513 0.1292312 0.1496233 0.1364398 0.4074624 0.1572604 0.0000000 0.3589090 0.1468136 0.1309962 0.1200064 0.1381039 0.1281955 0.1314042 0.1322682 0.1210477 0.1606869 0.1297046 0.1250902 0.1412105 0.1793694 0.2035919 0.1686352 0.1332657 0.1662816 0.2677766 0.1399621 0.1283335 0.0552729 0.1490831 0.0547231 0.1490794 0.1213327 0.1842773 0.1178345 0.1872682 0.1443206 0.2106248 0.3413071 0.2008882 0.1765095 0.1518887 0.0628150 0.1295452 0.1297933 0.1293076 0.1280374 0.1839532 0.1726874 0.1211278 0.1500630 0.5541433 0.1288847 0.1297853 0.0821222 0.1232917 0.1280186 0.1290575 0.1468952 0.1542701 0.1213882 0.4643533 0.1213882 0.1213882 0.1332084 0.1374039 0.1372227 0.1336787 0.1223003 0.1279626 0.1468137 0.1490327 0.1535451 0.1278638 0.1594770 0.1219826 0.1250256 0.1409051 0.1261450 0.1086671 0.1316045 0.3640133 0.0775709 0.0729306 0.0687034 0.1254521 0.1338146 0.1241565 0.1356378 0.1572315 0.1213882 0.1325712 0.1310093 0.2340567 0.1300818 0.1472458 0.1240014 0.1276265 0.1296043 0.3146133 0.1434272 0.1589041 0.0856245 0.0565758 0.1268888 0.1230844 0.1265896 0.1242220 0.0739937 0.1292055 0.1295092 0.1358764 0.1268470 0.1240988 0.1400109 0.0881242 0.1467194 0.1192349 0.1240587 0.0829981 0.1312710 0.1269552 0.0479542 0.1378385 0.3210877 0.1266089 0.1577515 0.1677858 0.1523328 0.1729261 0.1509062 0.0503362 0.4153159 0.1254208 0.1556541 0.1281137 0.1860710 0.0536525 0.1319298 0.1325872 0.1118115 0.1250034 0.1279453 0.1237472 0.4954742 0.3574026 0.1284369 0.1395903 0.1635628 0.1299510 0.1397134 0.1476613 0.1180385 0.1549853 0.0586408 0.1278378 0.2210551 0.1363226 0.0598498 0.1215653 0.0984712 0.0471252 0.3641761 0.0868873 
XM_031955028_1_PREDICTED_Sarcophilus_harrisii_RRAD_and_GEM_like_GTPase_2_REM2_mRNA_1                                              0.3869062 0.4035195 0.3754028 0.3725375 0.3421377 0.3624783 0.3617790 0.1251854 0.3520397 0.3813734 0.3653638 0.3622299 0.3691826 0.3787261 0.3638874 0.3743388 0.4084759 0.3589090 0.0000000 0.3697159 0.3725526 0.3663903 0.3740943 0.3458618 0.3642465 0.3757517 0.3734810 0.3793817 0.3486725 0.3749731 0.3513879 0.3454607 0.3652884 0.4001887 0.3829666 0.3855316 0.5354601 0.3367231 0.3578807 0.3856577 0.3742439 0.3768900 0.3585864 0.3642682 0.4024625 0.2973441 0.4183431 0.3562465 0.4840635 0.6885804 0.3938748 0.3898080 0.3686376 0.3671714 0.3520917 0.3648352 0.3684755 0.3680296 0.3455490 0.3617764 0.3618156 0.3424375 0.9570201 0.3363623 0.3371671 0.3567699 0.3639519 0.3623358 0.3605978 0.3587444 0.3629308 0.3620255 0.8392704 0.3644686 0.3644686 0.3580551 0.3646764 0.3498530 0.3337107 0.3510984 0.3459664 0.3709828 0.3745794 0.3680071 0.3630525 0.3872940 0.3620354 0.3448369 0.3813353 0.3655813 0.3445684 0.3835927 0.1723341 0.3946921 0.3860119 0.3698547 0.3424127 0.3400902 0.3752785 0.4036402 0.3877777 0.3644686 0.3440219 0.3490640 0.5082163 0.3424248 0.3747979 0.3748335 0.3602732 0.3469760 0.0864498 0.3707564 0.3889747 0.3848212 0.3630988 0.3752785 0.3559167 0.3388736 0.3733907 0.4025937 0.3687530 0.3638270 0.3392714 0.3444878 0.3691235 0.3496377 0.3923982 0.3541019 0.3618365 0.3750425 0.3946610 0.3465818 0.3429962 0.3645241 0.3615136 0.1031587 0.3619322 0.3849323 0.3882795 0.3857972 0.3834009 0.3475767 0.3836826 0.3864446 0.3422924 0.3689583 0.3725208 0.3524691 0.3797148 0.3480432 0.3349732 0.2956062 0.3724192 0.3432158 0.3681234 0.1901278 0.1186447 0.3483611 0.3735191 0.3891720 0.3447054 0.3415045 0.3694921 0.3477999 0.3628914 0.3921674 0.3490585 0.3824974 0.3654929 0.3845407 0.3670126 0.3982019 0.3877746 0.0312547 0.3926904 
XM_003801909_3_PREDICTED_Otolemur_garnettii_RRAD_and_GEM_like_GTPase_2_REM2_mRNA_1                                                0.1735655 0.1766660 0.1072704 0.1071144 0.1261221 0.1177192 0.1031299 0.3784973 0.1023927 0.1408311 0.1146627 0.1085636 0.1085962 0.1201780 0.1300440 0.4024778 0.1540454 0.1468136 0.3697159 0.0000000 0.1083547 0.1032424 0.1184363 0.1189737 0.1194875 0.1125431 0.1165925 0.1341330 0.1111030 0.1145998 0.1269109 0.1981220 0.2056002 0.1626086 0.1711169 0.1282520 0.2558662 0.1280432 0.1282987 0.1801264 0.1418835 0.1724517 0.1390067 0.1019672 0.1787965 0.1132957 0.1484853 0.1302916 0.1941371 0.3166798 0.1728999 0.1681340 0.1282862 0.1642205 0.1174998 0.1165123 0.1148512 0.1152147 0.1829790 0.1528168 0.1018392 0.1109725 0.4747248 0.1038042 0.1122266 0.1341578 0.1049581 0.1323892 0.1203443 0.1327634 0.1280191 0.0994341 0.3848554 0.1020121 0.1020121 0.1108864 0.0740401 0.0664624 0.1409309 0.1051677 0.1200985 0.1410838 0.1254300 0.1363869 0.1059066 0.1204869 0.1037202 0.1132163 0.1225667 0.1173913 0.1155299 0.1327538 0.3843902 0.1717611 0.1707275 0.1596889 0.1071783 0.1220025 0.1135735 0.1401097 0.1490275 0.1020121 0.1274282 0.1111467 0.2084642 0.1258557 0.1433158 0.1180641 0.1189821 0.1098241 0.3241724 0.1393216 0.1228365 0.1616082 0.1633223 0.1135735 0.1114110 0.1187771 0.1182690 0.1678308 0.1042461 0.1032367 0.1213505 0.1084943 0.1153390 0.1180049 0.1701840 0.1244580 0.1036744 0.1154181 0.1599743 0.1152783 0.1085826 0.1655564 0.1311419 0.3278830 0.1122821 0.1190072 0.1315706 0.1244366 0.1301276 0.1274485 0.1621205 0.3972167 0.1151980 0.1293102 0.1222359 0.1933522 0.1712114 0.1262216 0.1426298 0.1096569 0.1249217 0.1202020 0.1249675 0.5027158 0.3790306 0.1164207 0.0754470 0.1288230 0.1140211 0.1259210 0.1434218 0.1011761 0.1591690 0.1700820 0.1158950 0.2145238 0.1299361 0.1728335 0.1021560 0.1774821 0.1694484 0.3694366 0.1655359 
XM_008960213_2_PREDICTED_Pan_paniscus_RRAD_and_GEM_like_GTPase_2_REM2_transcript_variant_X1_mRNA_1                                0.1619538 0.1555340 0.0049382 0.0009793 0.1144542 0.0982558 0.0382847 0.3702709 0.0862840 0.1226105 0.0552695 0.0201340 0.0255468 0.1135598 0.1104370 0.3687535 0.1496902 0.1309962 0.3725526 0.1083547 0.0000000 0.0361714 0.0524281 0.1063467 0.1062230 0.0135935 0.1019508 0.1255922 0.1017483 0.1006618 0.1102430 0.1832101 0.2028233 0.1545894 0.1579508 0.1311323 0.2392740 0.1058594 0.1193122 0.1581285 0.1351767 0.1630602 0.1347944 0.0350953 0.1607954 0.0878939 0.1534454 0.1029425 0.1717614 0.2902232 0.1618332 0.1664480 0.1195561 0.1581520 0.1024043 0.1007840 0.1004271 0.1046900 0.1708084 0.1526033 0.0414189 0.1012395 0.4363488 0.0871610 0.0989873 0.1283110 0.0330941 0.1203761 0.0982701 0.1053038 0.1217847 0.0351096 0.2935667 0.0351096 0.0351096 0.0519514 0.0914226 0.0927871 0.1379811 0.0901065 0.1074487 0.1351958 0.1169230 0.1105643 0.0497730 0.1139792 0.0341776 0.1008531 0.1182647 0.0992654 0.1074266 0.1144948 0.3881157 0.1547007 0.1509027 0.1457658 0.0927849 0.1059877 0.1033645 0.0726207 0.1331771 0.0351096 0.1157148 0.0991293 0.1911968 0.1088763 0.1364567 0.1046753 0.0994651 0.0978540 0.3277962 0.1353293 0.1175661 0.1495868 0.1587898 0.1033645 0.0953654 0.1087305 0.1048538 0.1515610 0.0223021 0.0487556 0.1033451 0.0966183 0.1033172 0.1059401 0.1586631 0.1181234 0.0341637 0.1021269 0.1465621 0.1005417 0.0992922 0.1561691 0.1094919 0.3346952 0.0979512 0.1236283 0.1305579 0.1246278 0.1298045 0.1264806 0.1509952 0.3680048 0.1003097 0.1230435 0.1033003 0.1742729 0.1647350 0.1105314 0.1356633 0.0915889 0.1060077 0.1075380 0.1034712 0.4664390 0.3652465 0.1052681 0.0903076 0.1243397 0.0993286 0.1115394 0.1394000 0.0887273 0.1369809 0.1616079 0.1030924 0.2100319 0.1103470 0.1613954 0.0373071 0.1691295 0.1529906 0.3687245 0.1454671 
