175
NM_001192708_1_Bos_taurus_RRAD_and_GEM_like_GTPase_2_REM2_mRNA_2                                                                  0.0000000 0.1616082 0.1560187 0.0967705 0.1081982 0.1071732 0.1072765 0.0973473 0.1217033 0.1057141 0.1159005 0.0768040 0.0496493 0.0681824 0.0677035 0.0963095 0.1804960 0.1814164 0.1623008 0.1079944 0.0835198 0.1248453 0.1722226 0.1486290 0.1301433 0.1044028 0.0885955 0.1248738 0.1638019 0.1633314 0.0901194 0.1516562 0.0765953 0.0506140 0.0503902 0.0517309 0.3505715 0.1444042 0.1416283 0.1124088 0.0793051 0.1004984 0.1191200 0.1004380 0.0991863 0.1075270 0.0019709 0.0923539 0.1044505 0.1908594 0.1030629 0.1044505 0.1064877 0.0936849 0.0990103 0.1380289 0.0613195 0.0765073 0.1412687 0.0875788 0.0928823 0.1001601 0.0867310 0.1062542 0.0249434 0.0990075 0.0751506 0.0978172 0.0000010 0.1014701 0.0236121 0.3043415 0.0676497 0.1571630 0.1559305 0.1442486 0.0644874 0.0767598 0.0506914 0.1042998 0.1512102 0.0600597 0.1044849 0.0445318 0.0037031 0.1044505 0.0885955 0.0681825 0.0812416 0.0832018 0.1503233 0.1668621 0.0472499 0.1306326 0.0009838 0.0669675 0.3139385 0.1415904 0.0161804 0.1029553 0.1545653 0.1446882 0.3307626 0.0506914 0.0663356 0.0778756 0.0496106 0.0606353 0.1495155 0.0643714 0.0585851 0.3733378 0.1014316 0.0990874 0.0773015 0.0656945 0.0621049 0.0506726 0.0795702 0.1611731 0.0872088 0.1062053 0.1324923 0.0495470 0.1515888 0.0719475 0.1079174 0.0657644 0.1452070 0.0958354 0.3261837 0.0481322 0.0867489 0.1219807 0.1058338 0.1013695 0.1018614 0.1069391 0.1578440 0.3212433 0.0709950 0.0935864 0.0140791 0.0707306 0.1716368 0.1656569 0.0847829 0.1355227 0.0646246 0.0202646 0.0766487 0.0181881 0.3513128 0.3416285 0.1508931 0.1669908 0.0768624 0.1021873 0.1083541 0.0707055 0.0827488 0.1444084 0.0588837 0.1483558 0.1634787 0.0751834 0.1871977 0.0985589 0.1659344 0.1046246 0.1714901 0.1710215 0.1198360 0.3554426 0.1511714 
NM_022685_2_Rattus_norvegicus_RRAD_and_GEM_like_GTPase_2_Rem2_mRNA_1                                                              0.1616082 0.0000000 0.0585609 0.1647496 0.1683283 0.1723558 0.1765128 0.1824150 0.1816726 0.1655416 0.1781916 0.1713543 0.1548696 0.1729562 0.1589159 0.1860673 0.2140784 0.2483434 0.1972417 0.2055659 0.1860219 0.1611414 0.1138546 0.1781773 0.1735435 0.1670001 0.1756723 0.2088009 0.2515105 0.2483960 0.1841720 0.1089487 0.1724678 0.1630877 0.1666380 0.1526482 0.3807952 0.2250496 0.2292306 0.1779029 0.1955753 0.1591046 0.1195763 0.1689179 0.1674757 0.1726070 0.1646249 0.1866085 0.1639822 0.3015199 0.1670846 0.1670846 0.1673263 0.1677506 0.1658798 0.1724825 0.1538712 0.1705557 0.1775379 0.1729325 0.1834050 0.1660534 0.1993391 0.1711533 0.1647893 0.1641564 0.1703463 0.1701016 0.1595793 0.1251307 0.1734618 0.3517038 0.1827485 0.0529460 0.0585976 0.0884089 0.1665045 0.1752536 0.1582572 0.1718254 0.1876221 0.1491760 0.2063552 0.1529353 0.1494662 0.1670846 0.1771451 0.1744413 0.1945439 0.1741997 0.1759080 0.0926486 0.1582028 0.0900248 0.1616082 0.1728688 0.3651233 0.1737465 0.1637266 0.1851472 0.0577201 0.1061295 0.4032599 0.1612323 0.1661772 0.1660969 0.1585406 0.1625893 0.0549556 0.1717154 0.1584456 0.4032341 0.1709194 0.1679643 0.1847664 0.1680593 0.1690249 0.1581937 0.1824095 0.0078248 0.1792406 0.1680578 0.1660852 0.1582829 0.0563387 0.1732775 0.1720523 0.1682899 0.0957446 0.1887876 0.3548713 0.1636882 0.1989800 0.2017751 0.1805642 0.2084084 0.1956575 0.1654580 0.0848168 0.4155221 0.1688057 0.1880931 0.1629634 0.1746674 0.2199630 0.0915225 0.1765393 0.1730231 0.1480400 0.1686299 0.1709314 0.1655615 0.3611651 0.3846080 0.1523202 0.2805525 0.1745773 0.1630133 0.1945048 0.1716779 0.1890708 0.1782038 0.1478127 0.1980242 0.0957086 0.1704343 0.2741008 0.1822409 0.0945868 0.1643104 0.0997524 0.1046975 0.1769497 0.4041589 0.0659359 
NM_080726_3_Mus_musculus_rad_and_gem_related_GTP_binding_protein_2_Rem2_mRNA_1                                                    0.1560187 0.0585609 0.0000000 0.1575430 0.1685297 0.1663606 0.1690089 0.1817194 0.1845712 0.1628595 0.1759917 0.1669345 0.1450600 0.1713103 0.1600798 0.1786396 0.2127987 0.2519002 0.2039213 0.1956489 0.1796891 0.1575215 0.1051273 0.1703160 0.1820896 0.1642910 0.1771925 0.2113864 0.2398645 0.2322913 0.1818829 0.1014830 0.1710424 0.1529852 0.1550768 0.1443225 0.3989079 0.2330716 0.2298300 0.1836532 0.1907550 0.1535918 0.1119825 0.1616125 0.1602065 0.1651810 0.1589631 0.1797767 0.1643727 0.2849200 0.1643727 0.1643727 0.1698987 0.1794069 0.1761699 0.1694465 0.1484090 0.1691664 0.1696643 0.1740757 0.1919947 0.1640417 0.1958230 0.1637639 0.1685401 0.1539852 0.1659735 0.1710540 0.1558834 0.1289006 0.1675005 0.3710110 0.1836938 0.0130638 0.0314037 0.0807266 0.1666438 0.1752557 0.1483188 0.1679159 0.1880730 0.1466317 0.1983171 0.1472577 0.1399747 0.1643727 0.1756288 0.1744562 0.1817531 0.1726196 0.1681399 0.1037620 0.1482701 0.0804749 0.1574181 0.1729086 0.3799512 0.1660099 0.1648146 0.1848201 0.0492567 0.1007745 0.4060363 0.1512031 0.1633615 0.1647850 0.1485780 0.1620846 0.0433552 0.1705525 0.1674808 0.4228601 0.1636033 0.1661387 0.1846160 0.1681744 0.1679020 0.1511434 0.1838952 0.0609759 0.1802711 0.1607532 0.1615625 0.1483434 0.0458934 0.1733109 0.1659848 0.1684016 0.0906840 0.1724798 0.3783873 0.1522198 0.1956099 0.2012752 0.1786828 0.2045498 0.1934442 0.1642035 0.0891648 0.4183519 0.1689079 0.1812326 0.1573452 0.1683641 0.2171381 0.1026370 0.1749091 0.1715234 0.1438361 0.1613200 0.1695327 0.1583346 0.3905567 0.4081924 0.1565430 0.2756672 0.1700837 0.1715568 0.1939256 0.1717365 0.1888511 0.1703416 0.1481242 0.1879287 0.0981200 0.1690484 0.2763646 0.1815481 0.1014016 0.1630558 0.0995904 0.0921820 0.1719019 0.4207694 0.0537889 
NM_173527_3_Homo_sapiens_RRAD_and_GEM_like_GTPase_2_REM2_mRNA_1                                                                   0.0967705 0.1647496 0.1575430 0.0000000 0.0353557 0.0171223 0.0225439 0.1128036 0.1104886 0.0332227 0.0498310 0.1106862 0.0982568 0.1003547 0.1018371 0.1123107 0.1940260 0.2105624 0.1614318 0.1350026 0.1073191 0.1217046 0.1634476 0.1401994 0.1370047 0.0321398 0.1166033 0.1378633 0.1680550 0.1754689 0.1216271 0.1637906 0.1064775 0.0969716 0.0965011 0.1035930 0.3706727 0.1687371 0.1545417 0.0999437 0.1069077 0.0864889 0.1313247 0.0049399 0.0039480 0.0301166 0.0993530 0.1239295 0.0321523 0.1088264 0.0321523 0.0321523 0.0492652 0.0923996 0.0938397 0.1417304 0.0909697 0.1116632 0.1400135 0.1202085 0.1111722 0.0470606 0.1161833 0.0312043 0.1061220 0.0069506 0.1048312 0.1215889 0.0977821 0.1089346 0.1082716 0.3317199 0.1129692 0.1563554 0.1554090 0.1500638 0.0910989 0.1075844 0.0996386 0.0432974 0.1560046 0.0869840 0.1262467 0.1001901 0.0837570 0.0321523 0.1179227 0.0976657 0.1166705 0.1107153 0.1418718 0.1656118 0.1010809 0.1340182 0.0980190 0.0963462 0.3313689 0.1403321 0.1026542 0.1215975 0.1536356 0.1642765 0.3328350 0.0996386 0.0988712 0.1131421 0.1039763 0.0850951 0.1558509 0.1046719 0.1028569 0.3881694 0.0193044 0.0483197 0.1047716 0.0950619 0.1022283 0.0996001 0.1075464 0.1612128 0.1203232 0.0311921 0.1231402 0.0984473 0.1506801 0.0992250 0.0527584 0.0951721 0.1585394 0.1112784 0.3442537 0.0939510 0.1263523 0.1355569 0.1263278 0.1333300 0.1262775 0.0353568 0.1530876 0.3309379 0.1039983 0.1252423 0.0996386 0.1000481 0.1840638 0.1674673 0.1125167 0.1392260 0.0942091 0.1020403 0.1118841 0.0994347 0.3695047 0.3716166 0.1493833 0.2016836 0.1095411 0.0888346 0.1287660 0.0978789 0.1137262 0.1445370 0.0895269 0.1410323 0.1645655 0.1075179 0.2198709 0.1127041 0.1637708 0.0343628 0.1724105 0.1584261 0.1225944 0.3813694 0.1498903 
XM_001100692_4_PREDICTED_Macaca_mulatta_RRAD_and_GEM_like_GTPase_2_REM2_mRNA_1                                                    0.1081982 0.1683283 0.1685297 0.0353557 0.0000000 0.0310197 0.0342980 0.1092047 0.1059099 0.0059371 0.0541264 0.1033834 0.1055545 0.0944365 0.0985974 0.1061302 0.1839454 0.2026480 0.1513253 0.1316715 0.1106967 0.1180699 0.1567311 0.1368060 0.1274447 0.0029570 0.1090905 0.1236413 0.1504567 0.1680540 0.1140516 0.1566091 0.1004762 0.1042572 0.1010873 0.1136773 0.3617979 0.1652901 0.1456290 0.0979613 0.1250410 0.0884908 0.1277742 0.0385833 0.0375033 0.0141120 0.1108331 0.1163303 0.0049427 0.0943977 0.0049427 0.0049427 0.0500919 0.0907447 0.0882272 0.1350817 0.0916901 0.1029619 0.1350900 0.1140105 0.1216210 0.0478975 0.1195696 0.0130908 0.1130782 0.0386426 0.0988759 0.1197100 0.1093376 0.1069537 0.1160682 0.3201610 0.1148136 0.1586182 0.1517736 0.1403279 0.0892004 0.1068651 0.1096662 0.0260727 0.1446100 0.0864885 0.1252890 0.1038556 0.0926541 0.0049427 0.1103861 0.0944369 0.1105921 0.1046273 0.1326652 0.1615073 0.1084173 0.1262332 0.1094676 0.0931340 0.3190051 0.1353936 0.1103509 0.1222631 0.1559637 0.1571281 0.3519048 0.1070292 0.0931238 0.1017847 0.1113553 0.0955779 0.1536200 0.1101840 0.1077963 0.3722470 0.0298518 0.0491535 0.1040745 0.0931221 0.1077508 0.1042918 0.1068276 0.1618263 0.1211590 0.0130860 0.1168263 0.1084677 0.1530067 0.0972386 0.0559260 0.0932289 0.1470469 0.1215006 0.3226134 0.0985308 0.1284218 0.1332396 0.1242043 0.1286121 0.1213852 0.0099771 0.1478506 0.3542840 0.1007389 0.1149726 0.1072667 0.0993912 0.1740521 0.1633329 0.1063733 0.1326066 0.0867155 0.1096860 0.1005535 0.1070451 0.3576443 0.3631763 0.1341695 0.1958213 0.1008470 0.0870943 0.1266270 0.0959066 0.1116411 0.1395459 0.0865075 0.1329235 0.1605571 0.1015131 0.1979740 0.1091093 0.1567078 0.0069463 0.1592052 0.1530428 0.1335189 0.3635589 0.1550960 
XM_002824566_3_PREDICTED_Pongo_abelii_RRAD_and_GEM_like_GTPase_2_REM2_mRNA_1                                                      0.1071732 0.1723558 0.1663606 0.0171223 0.0310197 0.0000000 0.0225565 0.1113534 0.1118091 0.0310494 0.0509694 0.1106272 0.1061986 0.1003002 0.1031905 0.1108844 0.1922984 0.2123337 0.1570827 0.1364222 0.1100148 0.1163502 0.1696114 0.1404262 0.1285178 0.0299727 0.1193427 0.1347342 0.1619494 0.1755257 0.1256851 0.1668380 0.1064204 0.1048920 0.1043781 0.1143806 0.3654171 0.1724110 0.1558308 0.0958931 0.1146089 0.0864996 0.1313531 0.0202003 0.0191713 0.0301000 0.1098094 0.1252784 0.0299843 0.1136418 0.0299843 0.0299843 0.0480912 0.0937763 0.0912325 0.1415821 0.0947863 0.1101689 0.1386815 0.1256393 0.1209631 0.0458924 0.1189121 0.0290328 0.1117948 0.0202300 0.1047750 0.1258030 0.1083037 0.1076008 0.1163369 0.3281254 0.1129893 0.1623275 0.1553331 0.1515379 0.0949662 0.1102875 0.1103405 0.0420280 0.1532263 0.0895187 0.1276569 0.1058011 0.0962492 0.0299843 0.1206680 0.1003008 0.1164948 0.1106563 0.1391619 0.1719192 0.1090830 0.1370100 0.1084436 0.0989740 0.3260414 0.1389966 0.1106037 0.1271599 0.1595612 0.1673083 0.3385526 0.1103405 0.1014769 0.1089787 0.1120438 0.0938902 0.1587679 0.1087413 0.1075141 0.3731330 0.0182795 0.0471444 0.1074565 0.0989614 0.1062855 0.1075674 0.1102488 0.1657665 0.1245367 0.0290215 0.1231649 0.1091341 0.1565740 0.1031639 0.0539254 0.0990769 0.1615234 0.1209360 0.3344256 0.1017902 0.1291462 0.1413131 0.1319636 0.1361014 0.1234043 0.0331737 0.1606167 0.3366551 0.1013439 0.1293128 0.1075107 0.1053278 0.1823657 0.1738065 0.1124567 0.1390796 0.0939388 0.1099357 0.1077288 0.1072880 0.3597757 0.3663959 0.1464159 0.2019095 0.1080479 0.0874902 0.1344083 0.1018070 0.1137471 0.1431960 0.0920752 0.1396389 0.1737462 0.1074606 0.2161296 0.1112553 0.1700465 0.0321796 0.1756486 0.1561651 0.1282050 0.3644107 0.1558001 
XM_003260595_2_PREDICTED_Nomascus_leucogenys_RRAD_and_GEM_like_GTPase_2_REM2_mRNA_1                                               0.1072765 0.1765128 0.1690089 0.0225439 0.0342980 0.0225565 0.0000000 0.1101300 0.1115666 0.0343311 0.0556904 0.1121790 0.1005966 0.1018113 0.1032915 0.1124406 0.1926300 0.2127775 0.1610682 0.1430264 0.1075704 0.1172396 0.1652758 0.1427377 0.1282218 0.0332444 0.1181245 0.1366713 0.1637849 0.1756913 0.1281995 0.1638918 0.1065248 0.0993089 0.0988272 0.1086560 0.3788539 0.1712715 0.1543166 0.0947801 0.1154904 0.0840307 0.1323089 0.0256910 0.0246385 0.0333867 0.1099149 0.1305038 0.0332575 0.1165385 0.0332575 0.0332575 0.0550504 0.0938688 0.0939455 0.1403329 0.0893915 0.1117126 0.1409874 0.1300667 0.1210817 0.0528224 0.1176982 0.0323108 0.1105703 0.0267864 0.1048777 0.1302362 0.1084089 0.1086550 0.1164489 0.3357346 0.1154159 0.1648814 0.1577628 0.1501281 0.0937847 0.1046320 0.1033858 0.0458123 0.1496987 0.0870227 0.1293406 0.0998094 0.0962320 0.0332575 0.1194484 0.0991110 0.1224235 0.1122080 0.1400951 0.1640863 0.1034298 0.1330018 0.1085480 0.0977862 0.3328813 0.1413077 0.1107106 0.1273766 0.1621827 0.1643910 0.3473654 0.1033858 0.0989150 0.1105194 0.1063355 0.1017689 0.1613772 0.1096530 0.1081911 0.3806450 0.0059718 0.0541142 0.1035871 0.0950979 0.1072049 0.1006635 0.1063579 0.1698883 0.1246578 0.0322981 0.1214094 0.1034777 0.1591896 0.1019678 0.0539462 0.0952081 0.1601346 0.1191023 0.3484866 0.0962734 0.1279128 0.1371908 0.1321894 0.1426232 0.1273529 0.0353940 0.1562388 0.3454544 0.1026471 0.1318269 0.1076146 0.1014992 0.1841929 0.1659190 0.1140221 0.1378310 0.0956338 0.1086308 0.1092651 0.1073915 0.3860731 0.3752467 0.1495624 0.2052416 0.1095899 0.0901807 0.1346374 0.1006130 0.1110591 0.1425650 0.0895667 0.1382851 0.1691366 0.1075656 0.2193497 0.1128364 0.1645127 0.0354768 0.1701015 0.1608431 0.1267341 0.3880044 0.1584250 
XM_003420937_2_PREDICTED_Loxodonta_africana_RRAD_and_GEM_like_GTPase_2_REM2_transcript_variant_X1_mRNA_1                          0.0973473 0.1824150 0.1817194 0.1128036 0.1092047 0.1113534 0.1101300 0.0000000 0.1357792 0.1066363 0.1288319 0.1145156 0.1085574 0.1061861 0.1029812 0.0959818 0.2088318 0.1963648 0.1877712 0.1477417 0.1102431 0.1505084 0.1787252 0.1742317 0.1522582 0.1052800 0.1221390 0.1545521 0.1108521 0.1152229 0.1236137 0.1714505 0.1113998 0.1066524 0.1019831 0.1054745 0.3522143 0.1693964 0.0916330 0.1136083 0.1280517 0.1163907 0.1358421 0.1139600 0.1126321 0.1099751 0.1000156 0.1259781 0.1053297 0.2384350 0.1053297 0.1053297 0.1215644 0.1174575 0.1142473 0.1547056 0.0888134 0.1140228 0.1631290 0.1207091 0.1332007 0.1162771 0.1183289 0.1086544 0.1000333 0.1151434 0.1124159 0.1333660 0.0983982 0.1200952 0.1057231 0.3036790 0.1175678 0.1783358 0.1708744 0.1555654 0.1034047 0.1096067 0.1081977 0.1123877 0.1750784 0.0886455 0.0612575 0.1033253 0.0894501 0.1053297 0.1235141 0.1048467 0.1244457 0.1173298 0.1743816 0.1754507 0.1082451 0.1422474 0.0986369 0.1034680 0.3111015 0.1665951 0.1031876 0.1320665 0.1676230 0.1655741 0.3608555 0.1081977 0.1023303 0.1184280 0.1084610 0.1088474 0.1661097 0.1170975 0.1147649 0.3788369 0.1054584 0.1151685 0.1034197 0.1047825 0.1160644 0.1081545 0.1091406 0.1801495 0.1202782 0.1086027 0.1480681 0.1082972 0.1707026 0.1049529 0.1274402 0.1049100 0.1598763 0.1275254 0.3274163 0.0993363 0.1229265 0.1421358 0.1322484 0.1402272 0.1072957 0.1064511 0.1592244 0.3533853 0.1061969 0.1273293 0.1018214 0.1049769 0.2096251 0.1774222 0.1192398 0.1549789 0.0980486 0.1028588 0.1142562 0.1001641 0.3999815 0.3480230 0.1553043 0.1177796 0.1146087 0.1138388 0.1379776 0.1062825 0.1187857 0.1679391 0.0873485 0.1605332 0.1719213 0.1109883 0.2020119 0.0019758 0.1703151 0.1036151 0.1714455 0.1804120 0.1457527 0.3724723 0.1746129 
XM_003801909_3_PREDICTED_Otolemur_garnettii_RRAD_and_GEM_like_GTPase_2_REM2_mRNA_1                                                0.1217033 0.1816726 0.1845712 0.1104886 0.1059099 0.1118091 0.1115666 0.1357792 0.0000000 0.1060251 0.1224514 0.1233846 0.1206198 0.1148096 0.1181995 0.1317997 0.2108611 0.2200020 0.1710131 0.1332256 0.1329042 0.1329952 0.1887123 0.1475740 0.1445391 0.1046927 0.1309460 0.1385770 0.1826327 0.1777705 0.1330348 0.1717260 0.1217214 0.1206660 0.1186442 0.1193331 0.3842456 0.1776422 0.1598798 0.1143440 0.1260960 0.1066422 0.1395888 0.1116226 0.1103240 0.1078691 0.1244702 0.1325911 0.1020457 0.2096169 0.1047412 0.1047412 0.1140613 0.0755980 0.0677712 0.1465903 0.1084520 0.1243678 0.1468629 0.1302470 0.1390148 0.1088958 0.1250632 0.1065755 0.1298814 0.1160547 0.1171740 0.1268169 0.1213390 0.1187491 0.1379638 0.3278446 0.1246098 0.1795302 0.1781377 0.1671034 0.1106059 0.1263303 0.1173818 0.1134923 0.1610753 0.1055133 0.1403909 0.1177485 0.1175359 0.1047412 0.1323292 0.1148944 0.1323051 0.1303480 0.1492693 0.1810667 0.1223200 0.1530767 0.1230310 0.1134985 0.3328080 0.1449448 0.1235070 0.1274530 0.1679497 0.1705922 0.3718921 0.1173818 0.1151144 0.1231329 0.1225670 0.1025541 0.1747224 0.1381135 0.1306923 0.3827749 0.1069738 0.1060587 0.1257913 0.1119924 0.1355286 0.1194423 0.1221031 0.1779859 0.1293271 0.1065257 0.1374403 0.1195222 0.1663380 0.1192863 0.1183114 0.1121295 0.1731860 0.1362869 0.3424300 0.1159406 0.1234955 0.1369260 0.1294623 0.1353574 0.1319474 0.1045626 0.1696720 0.3647120 0.1189396 0.1339533 0.1264549 0.1159395 0.2052544 0.1798517 0.1309582 0.1483410 0.1134974 0.1293018 0.1246244 0.1293540 0.3894747 0.3887972 0.1646764 0.2161552 0.1206851 0.0771416 0.1340448 0.1178539 0.1311013 0.1491929 0.1042378 0.1671179 0.1783704 0.1199981 0.2308043 0.1356553 0.1815568 0.1049186 0.1829979 0.1780407 0.1468372 0.3817835 0.1725024 
XM_003901565_5_PREDICTED_Papio_anubis_RRAD_and_GEM_like_GTPase_2_REM2_mRNA_1                                                      0.1057141 0.1655416 0.1628595 0.0332227 0.0059371 0.0310494 0.0343311 0.1066363 0.1060251 0.0000000 0.0518775 0.1022169 0.1016541 0.0945384 0.0973851 0.1036119 0.1841657 0.2012508 0.1544018 0.1318217 0.1108183 0.1181982 0.1539797 0.1383177 0.1260864 0.0029597 0.1092099 0.1252406 0.1535671 0.1620720 0.1115334 0.1522613 0.0993158 0.1029679 0.0972382 0.1097146 0.3667671 0.1639213 0.1428567 0.0954810 0.1225385 0.0835518 0.1265846 0.0364397 0.0353633 0.0120762 0.1083394 0.1138116 0.0029608 0.0944970 0.0029608 0.0029608 0.0478842 0.0908413 0.0883209 0.1352323 0.0892599 0.1018005 0.1323631 0.1114932 0.1203620 0.0456955 0.1224120 0.0110577 0.1102955 0.0364955 0.0977202 0.1211445 0.1068263 0.1070027 0.1135293 0.3206472 0.1122788 0.1572758 0.1462546 0.1404902 0.0892962 0.1069824 0.1057315 0.0237626 0.1431991 0.0840818 0.1226142 0.1024442 0.0896310 0.0009839 0.1105070 0.0945389 0.1107314 0.1047409 0.1341645 0.1586907 0.1044893 0.1235678 0.1069798 0.0932344 0.3194527 0.1326593 0.1078411 0.1196593 0.1532727 0.1528023 0.3475413 0.1057315 0.0919805 0.1032332 0.1073973 0.0921373 0.1509496 0.1076509 0.1033968 0.3772783 0.0298802 0.0469411 0.1041883 0.0932225 0.1052216 0.1030014 0.1069447 0.1620120 0.1185563 0.0110536 0.1155014 0.1045376 0.1503256 0.0947467 0.0559819 0.0933295 0.1457279 0.1189147 0.3230704 0.0946983 0.1313300 0.1305738 0.1230001 0.1315569 0.1188026 0.0079678 0.1451526 0.3499170 0.0995897 0.1124592 0.1047774 0.0994987 0.1773639 0.1605051 0.1064894 0.1327545 0.0837087 0.1071925 0.1019981 0.1045615 0.3612132 0.3681185 0.1371445 0.1940851 0.0996820 0.0871869 0.1267687 0.0934202 0.1117648 0.1367950 0.0865988 0.1316000 0.1578013 0.1003546 0.2015789 0.1065433 0.1539121 0.0049536 0.1564319 0.1502899 0.1308492 0.3685013 0.1523975 
XM_003924335_3_PREDICTED_Saimiri_boliviensis_boliviensis_RRAD_and_GEM_like_GTPase_2_REM2_mRNA_1                                   0.1159005 0.1781916 0.1759917 0.0498310 0.0541264 0.0509694 0.0556904 0.1288319 0.1224514 0.0518775 0.0000000 0.1270591 0.1118628 0.1083536 0.1142986 0.1211084 0.1968591 0.2292664 0.1771871 0.1560807 0.1201727 0.1307770 0.1737879 0.1547002 0.1588239 0.0507241 0.1233944 0.1398618 0.1810274 0.1895273 0.1320802 0.1750116 0.1224406 0.1119080 0.1072182 0.1202608 0.3761528 0.1854826 0.1634391 0.1119957 0.1292429 0.0979005 0.1358840 0.0532351 0.0520953 0.0532932 0.1186286 0.1344314 0.0507451 0.1523810 0.0484291 0.0507451 0.0245913 0.1099278 0.1032393 0.1512556 0.1042343 0.1265090 0.1530636 0.1306789 0.1362152 0.0225106 0.1335359 0.0521521 0.1268153 0.0533211 0.1193254 0.1386520 0.1155881 0.1245833 0.1254797 0.3287836 0.1259354 0.1769759 0.1646333 0.1540894 0.1001290 0.1218429 0.1133956 0.0661282 0.1761638 0.1014623 0.1464981 0.1201686 0.1137156 0.0507451 0.1247416 0.1055860 0.1364960 0.1207036 0.1534129 0.1795336 0.1148316 0.1436421 0.1159005 0.1042294 0.3385976 0.1534222 0.1195129 0.1396036 0.1680271 0.1763297 0.3614397 0.1161178 0.1157745 0.1280773 0.1178820 0.1007427 0.1642532 0.1200498 0.1220680 0.3880241 0.0496182 0.0236227 0.1188916 0.1042159 0.1175295 0.1160721 0.1218011 0.1745176 0.1368382 0.0521304 0.1351203 0.1148865 0.1681840 0.1085233 0.0310596 0.1043403 0.1701803 0.1344366 0.3562583 0.1045816 0.1428758 0.1513454 0.1475933 0.1502369 0.1350134 0.0518278 0.1689339 0.3601474 0.1168534 0.1357870 0.1170830 0.1112146 0.1866381 0.1799621 0.1226058 0.1486725 0.1163153 0.1159834 0.1267691 0.1132583 0.3892458 0.3792799 0.1521661 0.2334855 0.1224412 0.0994985 0.1471578 0.1071352 0.1210743 0.1548278 0.1014152 0.1515789 0.1786002 0.1221449 0.2094347 0.1287148 0.1775961 0.0531224 0.1821649 0.1587276 0.1389714 0.3861027 0.1612863 
XM_003987456_6_PREDICTED_Felis_catus_RRAD_and_GEM_like_GTPase_2_REM2_mRNA_1                                                       0.0768040 0.1713543 0.1669345 0.1106862 0.1033834 0.1106272 0.1121790 0.1145156 0.1233846 0.1022169 0.1270591 0.0000000 0.0806619 0.0541039 0.0715531 0.1051894 0.1752663 0.1888767 0.1624232 0.1157117 0.0689485 0.1399127 0.1717811 0.1563147 0.1454302 0.1021697 0.0699373 0.1325045 0.1741962 0.1684028 0.0851293 0.1565855 0.0080395 0.0777644 0.0761803 0.0828773 0.3410950 0.1499620 0.1516670 0.1086247 0.1068323 0.1066267 0.1326088 0.1091549 0.1078601 0.1053195 0.0768204 0.0873889 0.1022169 0.2147378 0.1022169 0.1022169 0.1115245 0.0964655 0.0978645 0.1374094 0.0601949 0.0069954 0.1519203 0.0876906 0.1112194 0.1131602 0.0886888 0.1040313 0.0777040 0.1104530 0.0070078 0.0959233 0.0775942 0.1028414 0.0856120 0.2908501 0.0898447 0.1662587 0.1599843 0.1456394 0.0505531 0.0600929 0.0777627 0.1077367 0.1576230 0.0589146 0.1272193 0.0777149 0.0681870 0.1022169 0.0711386 0.0517563 0.0104309 0.0635524 0.1549978 0.1784077 0.0804453 0.1332452 0.0780123 0.0505808 0.3078963 0.1506607 0.0782912 0.1099854 0.1578330 0.1540738 0.3420315 0.0777627 0.0335930 0.0069799 0.0805943 0.0616108 0.1544478 0.0882773 0.0984026 0.3548102 0.1089845 0.1120668 0.0640754 0.0517279 0.0858945 0.0778743 0.0626382 0.1708801 0.0881767 0.1039828 0.1526350 0.0791532 0.1577342 0.0566150 0.1228609 0.0517814 0.1544306 0.1086109 0.3199686 0.0737268 0.0886472 0.1247561 0.1120181 0.1124170 0.1037057 0.1033912 0.1677508 0.3374499 0.0357458 0.0886287 0.0808819 0.0553937 0.1731732 0.1771809 0.0649991 0.1364409 0.0087563 0.0834730 0.0049720 0.0809490 0.3698901 0.3299871 0.1605640 0.2000248 0.0060074 0.0998447 0.1113352 0.0554108 0.0691285 0.1500107 0.0553489 0.1521134 0.1719276 0.0070104 0.1943485 0.1157747 0.1732912 0.1009848 0.1730394 0.1679885 0.1247267 0.3557790 0.1619067 
XM_004283191_4_PREDICTED_Orcinus_orca_RRAD_and_GEM_like_GTPase_2_LOC101284288_transcript_variant_X1_mRNA_1                        0.0496493 0.1548696 0.1450600 0.0982568 0.1055545 0.1061986 0.1005966 0.1085574 0.1206198 0.1016541 0.1118628 0.0806619 0.0000000 0.0693162 0.0687763 0.1038758 0.1836003 0.1745590 0.1562995 0.1066067 0.0849509 0.1204172 0.1525037 0.1471284 0.1209433 0.1017330 0.0940492 0.1253809 0.1670376 0.1730922 0.0937165 0.1388859 0.0779303 0.0163585 0.0173451 0.0173353 0.3648716 0.1537220 0.1497821 0.1061122 0.0751777 0.0899941 0.1160433 0.1046763 0.1033970 0.1048645 0.0519535 0.0946709 0.1017798 0.1902392 0.1017798 0.1017798 0.1038763 0.0965227 0.1047618 0.1319872 0.0608202 0.0803431 0.1396371 0.0911296 0.1013517 0.1013958 0.0904533 0.1035828 0.0554890 0.1005280 0.0764539 0.0938684 0.0501392 0.0984585 0.0609986 0.3044378 0.0609330 0.1487746 0.1420239 0.1375018 0.0643155 0.0767788 0.0070139 0.1078635 0.1372289 0.0595490 0.1211139 0.0088314 0.0411667 0.1003857 0.0940492 0.0655780 0.0884653 0.0884866 0.1488302 0.1521457 0.0019836 0.1253129 0.0507800 0.0643518 0.3159616 0.1399567 0.0523520 0.1049727 0.1436315 0.1293241 0.3409854 0.0070139 0.0698585 0.0817520 0.0039854 0.0633196 0.1386987 0.0624611 0.0635791 0.3832649 0.0988140 0.1030164 0.0786145 0.0630694 0.0601836 0.0070114 0.0796838 0.1558727 0.0925762 0.1035348 0.1231152 0.0019843 0.1463941 0.0665659 0.1079639 0.0631371 0.1312089 0.0944002 0.3223815 0.0152682 0.0904728 0.1205304 0.1125396 0.1100329 0.1057843 0.1042864 0.1438528 0.3313092 0.0734171 0.0959213 0.0486544 0.0731308 0.1766429 0.1509359 0.0888688 0.1294757 0.0684786 0.0545234 0.0804950 0.0521923 0.3691013 0.3577626 0.1449810 0.1681758 0.0807245 0.0986122 0.1104269 0.0681218 0.0851255 0.1427893 0.0583617 0.1449302 0.1536433 0.0764879 0.1967148 0.1098037 0.1542141 0.0993462 0.1539389 0.1536008 0.1144023 0.3648787 0.1411591 
XM_004402108_1_PREDICTED_Odobenus_rosmarus_divergens_RAS_RAD_and_GEM_like_GTP_binding_2_REM2_mRNA_1                               0.0681824 0.1729562 0.1713103 0.1003547 0.0944365 0.1003002 0.1018113 0.1061861 0.1148096 0.0945384 0.1083536 0.0541039 0.0693162 0.0000000 0.0617431 0.0967714 0.1708637 0.1573594 0.1554675 0.1109860 0.0315373 0.1246751 0.1700799 0.1382526 0.1261347 0.0932340 0.0418756 0.1114689 0.1708265 0.1573407 0.0867092 0.1602470 0.0492950 0.0677833 0.0650448 0.0715170 0.3563196 0.1416544 0.1446802 0.1005055 0.0860386 0.0932404 0.1231426 0.1041961 0.1029079 0.0936311 0.0706185 0.0863794 0.0932766 0.1899793 0.0932766 0.0932766 0.0923411 0.0889145 0.0830229 0.1235983 0.0565267 0.0515645 0.1324586 0.0892872 0.0948320 0.0938641 0.0859400 0.0923663 0.0738089 0.1026455 0.0480002 0.0894101 0.0688775 0.0960268 0.0792389 0.2873193 0.0808119 0.1727481 0.1635459 0.1491512 0.0132234 0.0304088 0.0678189 0.1052704 0.1465420 0.0552639 0.1003467 0.0697784 0.0640181 0.0932766 0.0429936 0.0100864 0.0601627 0.0372401 0.1354009 0.1697484 0.0691337 0.1343849 0.0693706 0.0090653 0.2999411 0.1312161 0.0671480 0.1021153 0.1610260 0.1530685 0.3437855 0.0678189 0.0477457 0.0551719 0.0717697 0.0155296 0.1618098 0.0821647 0.0801408 0.3585356 0.0973204 0.0981334 0.0271882 0.0142604 0.0782255 0.0639378 0.0325775 0.1755518 0.0942778 0.0949792 0.1358792 0.0691641 0.1639070 0.0195322 0.1030115 0.0142735 0.1580267 0.1005048 0.3119520 0.0626486 0.0858997 0.1175307 0.1156603 0.1096314 0.0954211 0.0970314 0.1644811 0.3339576 0.0442491 0.0902256 0.0696605 0.0249244 0.1641693 0.1685252 0.0384910 0.1226098 0.0415103 0.0758876 0.0516565 0.0734077 0.3680375 0.3447277 0.1483105 0.1728363 0.0541447 0.0895267 0.1074683 0.0184737 0.0361736 0.1340329 0.0517329 0.1388015 0.1718172 0.0480202 0.1746630 0.1074333 0.1678462 0.0934317 0.1718389 0.1609374 0.1127072 0.3592105 0.1605951 
XM_004421250_2_PREDICTED_Ceratotherium_simum_simum_RAS_RAD_and_GEM_like_GTP_binding_2_LOC101388298_transcript_variant_X1_mRNA_1   0.0677035 0.1589159 0.1600798 0.1018371 0.0985974 0.1031905 0.1032915 0.1029812 0.1181995 0.0973851 0.1142986 0.0715531 0.0687763 0.0617431 0.0000000 0.0984921 0.1753650 0.1824362 0.1601435 0.1087762 0.0719315 0.1197588 0.1625528 0.1471756 0.1310762 0.0960865 0.0820853 0.1086867 0.1631973 0.1725662 0.0857726 0.1580673 0.0689089 0.0660704 0.0657255 0.0684811 0.3677815 0.1378538 0.1409531 0.1061024 0.0863453 0.0944272 0.1189934 0.1029585 0.1016874 0.0978738 0.0701207 0.0854501 0.0961301 0.2094625 0.0961301 0.0961301 0.1048517 0.0972074 0.0929469 0.1325949 0.0466425 0.0688288 0.1432065 0.0857420 0.1001256 0.1037215 0.0891484 0.0966120 0.0776461 0.1015014 0.0650672 0.0854962 0.0683888 0.0985577 0.0795604 0.3040126 0.0810641 0.1573026 0.1570641 0.1446329 0.0580993 0.0705912 0.0685675 0.1038623 0.1433097 0.0454336 0.1105891 0.0690849 0.0631343 0.0961301 0.0833275 0.0569079 0.0794859 0.0767212 0.1472898 0.1643115 0.0685967 0.1295469 0.0688827 0.0557096 0.3174798 0.1435375 0.0731627 0.1036732 0.1571959 0.1525614 0.3487588 0.0685675 0.0646665 0.0689297 0.0687200 0.0617872 0.1476106 0.0840142 0.0854945 0.3865624 0.0988279 0.1026402 0.0657892 0.0593042 0.0816554 0.0685415 0.0730367 0.1636740 0.0848661 0.0992221 0.1285606 0.0686266 0.1535476 0.0655341 0.1062212 0.0593672 0.1513694 0.0912838 0.3334750 0.0633445 0.0917260 0.1210224 0.1109301 0.1121071 0.1055280 0.1012491 0.1631872 0.3359526 0.0645880 0.0892495 0.0667612 0.0642766 0.1748875 0.1630927 0.0782767 0.1300714 0.0590535 0.0766438 0.0677553 0.0741746 0.3720488 0.3655562 0.1420498 0.1807310 0.0716081 0.0987385 0.1151797 0.0642947 0.0787797 0.1478109 0.0442878 0.1386890 0.1642441 0.0675206 0.1839969 0.1028914 0.1608686 0.0920275 0.1776256 0.1603581 0.1199732 0.3845926 0.1612143 
XM_004474567_2_PREDICTED_Dasypus_novemcinctus_RRAD_and_GEM_like_GTPase_2_REM2_mRNA_1                                              0.0963095 0.1860673 0.1786396 0.1123107 0.1061302 0.1108844 0.1124406 0.0959818 0.1317997 0.1036119 0.1211084 0.1051894 0.1038758 0.0967714 0.0984921 0.0000000 0.1733351 0.1844342 0.1737749 0.1345920 0.1065663 0.1352804 0.1798491 0.1569834 0.1464064 0.1022841 0.1198634 0.1398380 0.1517543 0.1552850 0.1152970 0.1717961 0.1048726 0.1065258 0.1019193 0.1039197 0.3439032 0.1693309 0.1324131 0.1212681 0.1100059 0.1044748 0.1378834 0.1134490 0.1121426 0.1041408 0.0989450 0.1121514 0.1023314 0.2252866 0.1023314 0.1023314 0.1085406 0.1080002 0.1082065 0.1464200 0.0900503 0.1047470 0.1515699 0.1152546 0.1215340 0.1046001 0.1169225 0.1028532 0.1060852 0.1146138 0.1005269 0.1296535 0.0973376 0.1137765 0.1050391 0.2968535 0.1140303 0.1813041 0.1710176 0.1631979 0.0941960 0.1111174 0.1067401 0.1141074 0.1645337 0.0886210 0.0971999 0.1019022 0.0973114 0.1023314 0.1212245 0.0996220 0.1111133 0.1137730 0.1547298 0.1802773 0.1067863 0.1471251 0.0975837 0.0982723 0.3046142 0.1511041 0.0994800 0.1321790 0.1752635 0.1643947 0.3406088 0.1067401 0.0972711 0.1062310 0.1069960 0.0870362 0.1686885 0.1088564 0.1087617 0.3564399 0.1078062 0.1036402 0.1026030 0.0982594 0.1063694 0.1066980 0.1124881 0.1855457 0.1292065 0.1055216 0.1362131 0.1068368 0.1767653 0.1010925 0.1121979 0.0983762 0.1677731 0.1271275 0.3142835 0.0993073 0.1215981 0.1504263 0.1400191 0.1379809 0.0697885 0.1075592 0.1788782 0.3303869 0.1050919 0.1162356 0.1007237 0.1052733 0.1741110 0.1822568 0.1156445 0.1438774 0.0995545 0.1016953 0.1049569 0.0990354 0.3419226 0.3352674 0.1607859 0.1644220 0.1052738 0.1071173 0.1380344 0.0997171 0.1159114 0.1540478 0.0873247 0.1569559 0.1848555 0.1032490 0.1892430 0.0958990 0.1783132 0.1025042 0.1863206 0.1807544 0.1289807 0.3434700 0.1762584 
XM_004584677_1_PREDICTED_Ochotona_princeps_RRAD_and_GEM_like_GTPase_2_REM2_mRNA_1                                                 0.1804960 0.2140784 0.2127987 0.1940260 0.1839454 0.1922984 0.1926300 0.2088318 0.2108611 0.1841657 0.1968591 0.1752663 0.1836003 0.1708637 0.1753650 0.1733351 0.0000000 0.2321109 0.2329164 0.2089227 0.1824126 0.2066204 0.2137411 0.2291948 0.2035096 0.1857069 0.1834716 0.2044818 0.2682593 0.2475792 0.1940114 0.2075091 0.1716088 0.1787159 0.1809856 0.1852637 0.3506150 0.2265107 0.2303778 0.2025990 0.2125704 0.1765027 0.1851749 0.1936044 0.1920751 0.1931650 0.1805472 0.1994414 0.1840377 0.3446777 0.1825045 0.1858051 0.1857640 0.1932325 0.1860074 0.2027052 0.1593326 0.1730278 0.2238400 0.1962223 0.2085417 0.1860671 0.1997462 0.1916285 0.1874314 0.1980418 0.1663145 0.1975825 0.1805338 0.1674103 0.1786285 0.3019944 0.2021021 0.2112697 0.2028450 0.1919825 0.1684826 0.1734721 0.1887614 0.1986223 0.2215323 0.1583224 0.2288103 0.1843624 0.1665437 0.1858051 0.1818050 0.1692451 0.1985981 0.1743851 0.2245661 0.2203155 0.1872781 0.1896769 0.1820008 0.1676534 0.3179263 0.2213691 0.1806244 0.2032659 0.2120964 0.2112156 0.3530532 0.1887614 0.1640125 0.1714920 0.1892777 0.1789388 0.1983130 0.1840761 0.1916469 0.3571114 0.1889723 0.1865145 0.1778023 0.1700835 0.1813033 0.1854741 0.1813028 0.2134622 0.2046409 0.1883352 0.2096581 0.1873787 0.2121523 0.1721532 0.1893475 0.1703239 0.2078210 0.2032470 0.3324091 0.1793910 0.2000757 0.2120813 0.2049184 0.2191369 0.1813549 0.1853518 0.2125808 0.3533730 0.1691249 0.2009918 0.1814237 0.1688127 0.0268941 0.2191019 0.1726323 0.1999550 0.1589360 0.1767733 0.1685207 0.1735864 0.3376708 0.3558648 0.2002563 0.2911985 0.1722469 0.1877816 0.2087664 0.1705154 0.1801021 0.2246887 0.1552310 0.1986677 0.2135330 0.1695250 0.2506715 0.2086245 0.2178786 0.1861785 0.2061041 0.2066685 0.1397302 0.3628034 0.2052872 
XM_004609481_1_PREDICTED_Sorex_araneus_RAS_RAD_and_GEM_like_GTP_binding_2_REM2_mRNA_1                                             0.1814164 0.2483434 0.2519002 0.2105624 0.2026480 0.2123337 0.2127775 0.1963648 0.2200020 0.2012508 0.2292664 0.1888767 0.1745590 0.1573594 0.1824362 0.1844342 0.2321109 0.0000000 0.2624863 0.2069256 0.1910818 0.2216341 0.2472218 0.2515789 0.2348299 0.2011356 0.1796156 0.2302770 0.2582145 0.2517844 0.1966297 0.2394618 0.1890660 0.1677415 0.1634546 0.1765550 0.3811959 0.2207003 0.2174364 0.1948340 0.2475707 0.2032477 0.2214204 0.2153888 0.2137050 0.2039140 0.1848296 0.2006439 0.2012508 0.3719401 0.2012508 0.1993029 0.2056489 0.1947280 0.1983017 0.2147389 0.1717429 0.1854082 0.2486406 0.1982144 0.2141841 0.2077641 0.2107977 0.2022470 0.1847118 0.2169121 0.1866413 0.2084610 0.1814643 0.1952422 0.1831718 0.3260080 0.1951223 0.2508780 0.2305054 0.2258907 0.1666720 0.1751901 0.1837405 0.2060312 0.2510251 0.1713555 0.2095671 0.1764608 0.1549979 0.2012508 0.1812341 0.1625900 0.2179365 0.1751864 0.2580187 0.2494569 0.1783922 0.2178241 0.1830276 0.1609378 0.3256597 0.2477373 0.1822471 0.2048565 0.2428168 0.2356263 0.3520335 0.1803508 0.1758519 0.1881624 0.1788220 0.1958017 0.2402073 0.1806071 0.1735370 0.3846517 0.2098968 0.2085965 0.1844539 0.1683476 0.1776649 0.1836592 0.1890068 0.2511010 0.1879742 0.1986635 0.2333672 0.1784934 0.2459436 0.1722276 0.2226897 0.1685967 0.2163426 0.2048046 0.3241664 0.1602383 0.2105445 0.2261077 0.2221464 0.2001041 0.1656342 0.2044802 0.2364497 0.3589538 0.1746219 0.2022972 0.1876102 0.1724965 0.2369003 0.2481691 0.1733385 0.2128965 0.1625967 0.1852349 0.1849568 0.1853194 0.4229199 0.3917429 0.2299810 0.2817222 0.1917684 0.1902938 0.2142313 0.1705077 0.1910488 0.2464202 0.1696732 0.2247860 0.2413087 0.1867476 0.1414927 0.1978744 0.2432359 0.2016922 0.2404161 0.2543071 0.1900452 0.3824700 0.2439036 
XM_004646648_2_PREDICTED_Octodon_degus_RRAD_and_GEM_like_GTPase_2_Rem2_transcript_variant_X1_mRNA_1                               0.1623008 0.1972417 0.2039213 0.1614318 0.1513253 0.1570827 0.1610682 0.1877712 0.1710131 0.1544018 0.1771871 0.1624232 0.1562995 0.1554675 0.1601435 0.1737749 0.2329164 0.2624863 0.0000000 0.1904080 0.1708317 0.0857109 0.2124593 0.1617548 0.0797807 0.1529213 0.1684163 0.2046449 0.2190190 0.2279141 0.1675403 0.1891783 0.1635949 0.1531559 0.1551666 0.1587742 0.4021653 0.2057396 0.1989252 0.1799888 0.1872979 0.1485331 0.1505932 0.1611797 0.1597550 0.1613767 0.1638904 0.1685400 0.1529974 0.2837273 0.1529974 0.1529974 0.1625552 0.1663022 0.1627523 0.1554324 0.1481788 0.1664568 0.1617371 0.1628046 0.1725715 0.1642663 0.1787350 0.1599503 0.1798171 0.1595380 0.1584744 0.1768831 0.1641622 0.1229048 0.1770343 0.3971919 0.1752590 0.1997497 0.2001130 0.1815561 0.1570781 0.1565785 0.1580702 0.1684687 0.0993756 0.1448861 0.1969867 0.1612288 0.1578878 0.1529974 0.1699039 0.1555756 0.1846243 0.1661231 0.1627813 0.1965852 0.1596720 0.1773803 0.1637393 0.1571800 0.3948208 0.1590039 0.1689845 0.1915661 0.2004223 0.1797060 0.4512383 0.1610676 0.1557351 0.1645733 0.1570165 0.1513748 0.1914314 0.1615198 0.1617623 0.4216207 0.1557010 0.1663105 0.1631804 0.1586199 0.1603233 0.1565481 0.1632983 0.1973921 0.1828011 0.1598698 0.0964041 0.1580960 0.2003071 0.1668400 0.1702122 0.1588359 0.1791179 0.1793987 0.3826187 0.1522580 0.1800581 0.2034723 0.1989945 0.1846601 0.1899769 0.1528385 0.1785229 0.4581071 0.1568211 0.1698596 0.1674443 0.1621004 0.2250713 0.1953597 0.1669496 0.1588317 0.1524439 0.1716743 0.1600015 0.1685914 0.3988210 0.3997039 0.1699289 0.2577584 0.1687540 0.1668106 0.1966276 0.1652457 0.1625515 0.1583224 0.1435181 0.1882904 0.1921165 0.1615911 0.2590225 0.1843953 0.1971308 0.1532817 0.1993485 0.1914408 0.1707070 0.4169969 0.1962309 
XM_004694658_2_PREDICTED_Condylura_cristata_RAS_RAD_and_GEM_like_GTP_binding_2_REM2_mRNA_1                                        0.1079944 0.2055659 0.1956489 0.1350026 0.1316715 0.1364222 0.1430264 0.1477417 0.1332256 0.1318217 0.1560807 0.1157117 0.1066067 0.1109860 0.1087762 0.1345920 0.2089227 0.2069256 0.1904080 0.0000000 0.1247969 0.1599267 0.2045312 0.1731188 0.1660765 0.1303811 0.1321272 0.1353462 0.2002700 0.1933319 0.1174376 0.1842347 0.1125558 0.1038038 0.1005362 0.1080467 0.3890922 0.1683231 0.1793900 0.1483604 0.1209740 0.1322400 0.1602118 0.1361784 0.1347927 0.1369093 0.1093927 0.1218191 0.1304453 0.2419333 0.1304453 0.1304453 0.1463914 0.1285274 0.1306490 0.1742250 0.0995885 0.1152082 0.1682936 0.1159920 0.1284916 0.1435014 0.1294263 0.1355152 0.1144939 0.1358194 0.1080416 0.1255451 0.1077942 0.1405462 0.1265829 0.3544156 0.1226539 0.1947960 0.1956931 0.1866473 0.1054090 0.1218436 0.1108590 0.1445322 0.1790767 0.0993962 0.1530807 0.1092768 0.0971304 0.1304453 0.1335377 0.1125594 0.1166847 0.1285309 0.1732666 0.2028310 0.1095747 0.1744302 0.1093058 0.1111499 0.3616635 0.1661864 0.1139180 0.1363307 0.2000042 0.1847767 0.3880575 0.1108590 0.1122120 0.1196675 0.1097935 0.0939407 0.1880329 0.1241517 0.1246830 0.4005596 0.1378298 0.1439994 0.1192258 0.1096404 0.1215966 0.1080842 0.1226935 0.2031175 0.1248132 0.1354478 0.1618570 0.1096274 0.1951675 0.1141099 0.1501341 0.1097760 0.1782768 0.1234350 0.3642879 0.0978994 0.1257916 0.1427678 0.1465274 0.0440579 0.1381427 0.1315974 0.1926542 0.3883934 0.1111534 0.1231619 0.1153381 0.1183968 0.2015142 0.2016020 0.1269727 0.1745426 0.1038408 0.1209965 0.1154467 0.1181970 0.3805222 0.3960539 0.1813738 0.2126183 0.1158068 0.1319569 0.1415704 0.1126724 0.1247356 0.1707029 0.0954471 0.1822890 0.2031552 0.1108580 0.2223967 0.1476029 0.1988808 0.1306827 0.2025163 0.1927890 0.1554964 0.3986461 0.1916900 
XM_004755362_3_PREDICTED_Mustela_putorius_furo_RRAD_and_GEM_like_GTPase_2_REM2_transcript_variant_X1_mRNA_1                       0.0835198 0.1860219 0.1796891 0.1073191 0.1106967 0.1100148 0.1075704 0.1102431 0.1329042 0.1108183 0.1201727 0.0689485 0.0849509 0.0315373 0.0719315 0.1065663 0.1824126 0.1910818 0.1708317 0.1247969 0.0000000 0.1334886 0.1829843 0.1481766 0.1339177 0.1094655 0.0522979 0.1372311 0.1752132 0.1730834 0.0985975 0.1739321 0.0639105 0.0832836 0.0803677 0.0817905 0.3474697 0.1555323 0.1570274 0.1153104 0.0876179 0.1044176 0.1383809 0.1084589 0.1071585 0.1072690 0.0860535 0.0982161 0.1095169 0.1963160 0.1095169 0.1095169 0.1090305 0.1054755 0.1052770 0.1413503 0.0689842 0.0662537 0.1379413 0.1012466 0.1079211 0.1106553 0.0984838 0.1059697 0.0840297 0.1096248 0.0625240 0.1014581 0.0843895 0.1170178 0.0979508 0.2802223 0.0980633 0.1844951 0.1771571 0.1628495 0.0304268 0.0173596 0.0833346 0.1206571 0.1607664 0.0676607 0.1227483 0.0826752 0.0801041 0.1095169 0.0534420 0.0293406 0.0745114 0.0475018 0.1452567 0.1772880 0.0847201 0.1453508 0.0847496 0.0282526 0.2968554 0.1409703 0.0824843 0.1147232 0.1728869 0.1649723 0.3467740 0.0833346 0.0573973 0.0700289 0.0848790 0.0302383 0.1766939 0.0930086 0.0890281 0.3454450 0.1056297 0.1095597 0.0059839 0.0315207 0.0889393 0.0792444 0.0194440 0.1911175 0.1039579 0.1086649 0.1415531 0.0847586 0.1790495 0.0359799 0.1160083 0.0315510 0.1714727 0.1146479 0.3149309 0.0778811 0.0997264 0.1262920 0.1228369 0.1226686 0.1066987 0.1133837 0.1759347 0.3320882 0.0561685 0.1021663 0.0877082 0.0337841 0.1782161 0.1760683 0.0488220 0.1403807 0.0593815 0.0942407 0.0663755 0.0916443 0.3590911 0.3341568 0.1557249 0.1843408 0.0690013 0.1104821 0.1173598 0.0348639 0.0249370 0.1438552 0.0640102 0.1539141 0.1792231 0.0625510 0.1946141 0.1114950 0.1753527 0.1097050 0.1919035 0.1809359 0.1123921 0.3461422 0.1754708 
