159
NM_022685_2_Rattus_norvegicus_RRAD_and_GEM_like_GTPase_2_Rem2_mRNA_1                                                              0.0000000 0.0546734 0.1365582 0.1365582 0.1365582 0.1070029 0.1293296 0.2893569 0.1222014 0.1813131 0.1399982 0.1293296 0.1568585 0.1342206 0.1382546 0.4118625 0.1674033 0.0593997 0.3532132 0.1475584 0.1222014 0.1475584 0.1325454 0.1082452 0.1438873 0.1309158 0.1572657 0.1251999 0.1002684 0.1651700 0.1977749 0.1922081 0.1399982 0.1455344 0.1755562 0.2245841 0.1475584 0.1382546 0.0541313 0.1082452 0.0852139 0.1070029 0.1222014 0.1014167 0.1002684 0.1456974 0.1165491 0.1151733 0.1399982 0.1708850 0.1615287 0.1325454 0.0727325 0.1382546 0.1222014 0.1222014 0.1236807 0.1697046 0.1572657 0.1222014 0.1979030 8.9692884 0.1630017 0.1236807 0.0861396 0.1309158 0.1417911 0.1070029 0.1165491 0.1325454 4.1442221 0.1325454 0.1325454 0.1555623 0.1179615 0.1222014 0.1251999 0.1082452 0.1179615 0.1165491 0.1399982 0.1572657 0.1309158 0.1309158 0.1207617 0.0946876 0.1151733 0.3727276 0.0426541 0.0370403 0.0612282 0.1325454 0.1456974 0.1382546 0.1082452 0.1382546 0.1365582 0.1325454 0.1325454 0.1309158 0.1151733 0.1382546 0.1325454 0.3409993 0.1038046 0.0541313 0.0727325 0.1456974 0.1236807 0.1038046 0.1475584 0.0599961 0.1494441 0.1399982 0.1475584 0.1325454 0.1552262 0.0050119 0.1138339 0.1309158 0.0599961 0.1475584 0.1325454 0.0599961 0.1494728 0.3727276 0.1674033 0.1342206 0.1194121 0.1864140 0.1630017 0.0659458 0.3909215 0.1309158 0.0936300 0.1922081 0.0789287 0.1309158 0.1179615 0.1309158 0.1070029 0.1251999 0.1070029 0.3170818 0.3170609 0.1417911 0.1194121 0.1038046 0.1399982 0.1813131 0.1514431 0.0789287 0.2605958 0.1456974 0.0861396 0.0946876 0.0806400 0.3855815 0.0426541 
NM_080726_3_Mus_musculus_rad_and_gem_related_GTP_binding_protein_2_Rem2_mRNA_1                                                    0.0546734 0.0000000 0.1365582 0.1365582 0.1365582 0.0936300 0.1293296 0.2998342 0.1082452 0.1651700 0.1399982 0.1293296 0.1568585 0.1267609 0.1236807 0.4428051 0.1674033 0.0606054 0.3801213 0.1179615 0.1222014 0.1475584 0.1179615 0.1082452 0.1438873 0.1025955 0.1417911 0.1251999 0.1002684 0.1651700 0.2037101 0.1922081 0.1552262 0.1455344 0.1514431 0.2337685 0.1475584 0.1456974 0.0552272 0.1082452 0.0936300 0.1207617 0.1222014 0.1014167 0.0870874 0.1456974 0.1025955 0.1014167 0.1399982 0.1788763 0.1300160 0.1251999 0.0618647 0.1382546 0.0946876 0.0946876 0.0957728 0.1697046 0.1651700 0.1222014 0.1813131 9.0000000 0.1630017 0.1236807 0.0735011 0.1309158 0.1494728 0.0936300 0.1025955 0.1251999 4.3572914 0.1475584 0.1475584 0.1805198 0.1325454 0.1082452 0.1251999 0.1082452 0.1108298 0.1456974 0.1399982 0.1417911 0.1309158 0.1309158 0.1070029 0.1082452 0.1014167 0.4148915 0.0101883 0.0260588 0.0673192 0.1325454 0.1456974 0.1095208 0.1082452 0.1095208 0.1365582 0.1325454 0.1179615 0.1309158 0.1151733 0.1095208 0.1325454 0.3543813 0.1038046 0.0541313 0.0618647 0.1165491 0.1095208 0.1038046 0.1179615 0.0483509 0.1494441 0.1399982 0.1475584 0.1325454 0.1552262 0.0488283 0.0870874 0.1025955 0.0483509 0.1475584 0.1325454 0.0493158 0.1342206 0.3877947 0.1514431 0.1494728 0.1194121 0.1779997 0.1475584 0.0735011 0.4201512 0.1309158 0.0806400 0.1890857 0.0870874 0.1309158 0.1325454 0.1309158 0.0936300 0.1251999 0.0936300 0.3543813 0.3532132 0.1267609 0.1342206 0.1038046 0.1399982 0.1813131 0.1514431 0.0870874 0.2605958 0.1309158 0.0946876 0.0687549 0.0824335 0.4012448 0.0315088 
NM_173527_3_Homo_sapiens_RRAD_and_GEM_like_GTPase_2_REM2_mRNA_1                                                                   0.1365582 0.1365582 0.0000000 0.0000010 0.0957728 0.0797744 0.0205028 0.3170609 0.0789287 0.0900720 0.0318068 0.0050119 0.0206893 0.1108298 0.0673192 0.3171044 0.1267609 0.1222014 0.4089993 0.0936300 0.0152628 0.0268013 0.0806400 0.0936300 0.0050119 0.1151733 0.0861396 0.0680293 0.0843096 0.0946876 0.1949477 0.1949477 0.1095208 0.1637581 0.0957728 0.1895521 0.0742875 0.1293296 0.1095208 0.1095208 0.1251999 0.0797744 0.0152628 0.0870874 0.0735011 0.1193580 0.0797744 0.0806400 0.0680293 0.1207617 0.1179615 0.1002684 0.1475584 0.0673192 0.0936300 0.0936300 0.1082452 0.1436357 0.1151733 0.0205028 0.1151733 7.7102888 0.0870874 0.0673192 0.1095208 0.0206893 0.1179615 0.0797744 0.0797744 0.1002684 4.1442221 0.0263017 0.0852139 0.1165491 0.1349082 0.0789287 0.0870874 0.1095208 0.1002684 0.0925971 0.0208785 0.0750915 0.0206893 0.0735011 0.0991474 0.0936300 0.0870874 0.3656017 0.1349082 0.1277864 0.1309158 0.0618647 0.0750915 0.1151733 0.0258204 0.1151733 0.0957728 0.0742875 0.0806400 0.0946876 0.1095208 0.1222014 0.0742875 0.3587346 0.0742875 0.1349082 0.1552262 0.1222014 0.0673192 0.0936300 0.1309158 0.1421274 0.0153987 0.0208785 0.0742875 0.0742875 0.0806400 0.1293296 0.0797744 0.1151733 0.1138339 0.0742875 0.0742875 0.1382546 0.1082452 0.3909215 0.0957728 0.1222014 0.0880573 0.1179615 0.1002684 0.1165491 0.2993190 0.0612282 0.0797744 0.1651700 0.1325454 0.0946876 0.1349082 0.0735011 0.0797744 0.0870874 0.0797744 0.3346754 0.3466197 0.0880573 0.0673192 0.0742875 0.0680293 0.1108298 0.1236807 0.1251999 0.2373741 0.0735011 0.1236807 0.1207617 0.1399982 0.4577155 0.0936300 
XM_009427474_3_PREDICTED_Pan_troglodytes_RRAD_and_GEM_like_GTPase_2_REM2_transcript_variant_X1_mRNA_1                             0.1365582 0.1365582 0.0000010 0.0000000 0.0957728 0.0797744 0.0205028 0.3170609 0.0789287 0.0900720 0.0318068 0.0050119 0.0206893 0.1108298 0.0673192 0.3171044 0.1267609 0.1222014 0.4089993 0.0936300 0.0152628 0.0268013 0.0806400 0.0936300 0.0050119 0.1151733 0.0861396 0.0680293 0.0843096 0.0946876 0.1949477 0.1949477 0.1095208 0.1637581 0.0957728 0.1895521 0.0742875 0.1293296 0.1095208 0.1095208 0.1251999 0.0797744 0.0152628 0.0870874 0.0735011 0.1193580 0.0797744 0.0806400 0.0680293 0.1207617 0.1179615 0.1002684 0.1475584 0.0673192 0.0936300 0.0936300 0.1082452 0.1436357 0.1151733 0.0205028 0.1151733 7.7102888 0.0870874 0.0673192 0.1095208 0.0206893 0.1179615 0.0797744 0.0797744 0.1002684 4.1442221 0.0263017 0.0852139 0.1165491 0.1349082 0.0789287 0.0870874 0.1095208 0.1002684 0.0925971 0.0208785 0.0750915 0.0206893 0.0735011 0.0991474 0.0936300 0.0870874 0.3656017 0.1349082 0.1277864 0.1309158 0.0618647 0.0750915 0.1151733 0.0258204 0.1151733 0.0957728 0.0742875 0.0806400 0.0946876 0.1095208 0.1222014 0.0742875 0.3587346 0.0742875 0.1349082 0.1552262 0.1222014 0.0673192 0.0936300 0.1309158 0.1421274 0.0153987 0.0208785 0.0742875 0.0742875 0.0806400 0.1293296 0.0797744 0.1151733 0.1138339 0.0742875 0.0742875 0.1382546 0.1082452 0.3909215 0.0957728 0.1222014 0.0880573 0.1179615 0.1002684 0.1165491 0.2993190 0.0612282 0.0797744 0.1651700 0.1325454 0.0946876 0.1349082 0.0735011 0.0797744 0.0870874 0.0797744 0.3346754 0.3466197 0.0880573 0.0673192 0.0742875 0.0680293 0.1108298 0.1236807 0.1251999 0.2373741 0.0735011 0.1236807 0.1207617 0.1399982 0.4577155 0.0936300 
XM_005623217_4_PREDICTED_Canis_lupus_familiaris_RRAD_and_GEM_like_GTPase_2_REM2_transcript_variant_X1_mRNA_1                      0.1365582 0.1365582 0.0957728 0.0957728 0.0000000 0.0767596 0.1025955 0.2938291 0.0759157 0.0625149 0.1121736 0.1025955 0.1251999 0.1089718 0.1038046 0.2813801 0.1256328 0.1151733 0.3877947 0.1149722 0.0957728 0.0980268 0.0557931 0.0890523 0.0957728 0.1135539 0.1063191 0.0324201 0.0563708 0.1135539 0.1414198 0.1577170 0.1004002 0.1474898 0.1004002 0.2006942 0.0324201 0.1179615 0.1095208 0.0980268 0.1325454 0.0767596 0.0957728 0.0824335 0.0702594 0.0968855 0.0702594 0.0843167 0.0439250 0.1342206 0.0921897 0.0776240 0.1475584 0.0434931 0.0911174 0.0911174 0.1063191 0.1042082 0.1283656 0.1025955 0.1209026 8.9999985 0.0980268 0.0321108 0.0824335 0.1038046 0.1317143 0.0767596 0.0702594 0.0776240 3.4182108 0.0911174 0.1194121 0.1377158 0.1165491 0.0759157 0.0498128 0.0980268 0.0776240 0.0833636 0.0980268 0.0852939 0.1038046 0.0377584 0.0815255 0.0980268 0.0843167 0.3957588 0.1349082 0.1277864 0.1095208 0.0381277 0.0443671 0.1135539 0.0957728 0.1135539 0.0000010 0.0381277 0.0557931 0.0101883 0.0980268 0.1209026 0.0381277 0.3877947 0.0759157 0.1207617 0.1552262 0.1209026 0.0503219 0.0680293 0.1300160 0.1349082 0.1179615 0.0980268 0.0381277 0.0381277 0.0498128 0.1438873 0.0750915 0.1135539 0.1138339 0.0498128 0.0381277 0.1382546 0.1063191 0.3957588 0.1076274 0.1251999 0.0900720 0.1089718 0.0843167 0.1309158 0.2649035 0.0443671 0.0767596 0.1224349 0.1251999 0.0101883 0.1165491 0.0377584 0.0767596 0.0498128 0.0767596 0.3358555 0.3231013 0.0625149 0.1063191 0.0759157 0.0439250 0.0443671 0.0980268 0.1108298 0.1885798 0.1108298 0.1309158 0.1236807 0.1325454 0.4376444 0.1070029 
NM_001192708_1_Bos_taurus_RRAD_and_GEM_like_GTPase_2_REM2_mRNA_2                                                                  0.1070029 0.0936300 0.0797744 0.0797744 0.0767596 0.0000000 0.0797744 0.2664413 0.0434931 0.0911174 0.1014167 0.0861396 0.0980534 0.0439250 0.0680293 0.3111259 0.1179615 0.0806400 0.3532132 0.0815255 0.0735011 0.0968855 0.0503219 0.0260588 0.0861396 0.0488283 0.0694985 0.0503219 0.0488283 0.0957728 0.1555623 0.1359433 0.0946876 0.1577170 0.0687549 0.1674033 0.0687549 0.1002684 0.0815255 0.0750915 0.1095208 0.0666249 0.0735011 0.0206893 0.0050119 0.0806400 0.0318068 0.0315088 0.0625149 0.1014167 0.0911174 0.0503219 0.1095208 0.0618647 0.0315088 0.0315088 0.0430693 0.0980268 0.1025955 0.0735011 0.1342206 7.7102888 0.0880573 0.0498128 0.0625149 0.0806400 0.0957728 0.0000010 0.0318068 0.0503219 4.1520876 0.0946876 0.0946876 0.1135539 0.1014167 0.0434931 0.0563708 0.0750915 0.0503219 0.0680293 0.0880573 0.0631809 0.0806400 0.0557931 0.0742875 0.0673192 0.0206893 0.3352464 0.0925971 0.0861396 0.1014167 0.0563708 0.0680293 0.0546734 0.0735011 0.0546734 0.0767596 0.0563708 0.0503219 0.0759157 0.0815255 0.0430693 0.0563708 0.3289565 0.0503219 0.0925971 0.1095208 0.0606054 0.0381277 0.0625149 0.0612282 0.0861396 0.0915887 0.0880573 0.0687549 0.0563708 0.0750915 0.1002684 0.0439250 0.0488283 0.0735011 0.0687549 0.0563708 0.0946876 0.0824335 0.3352464 0.0702594 0.0890523 0.0631809 0.0890523 0.0625149 0.0880573 0.2938291 0.0557931 0.0100988 0.1514431 0.1025955 0.0759157 0.1014167 0.0557931 0.0100988 0.0563708 0.0100988 0.3053732 0.2938291 0.0569624 0.0824335 0.0503219 0.0625149 0.1050454 0.1108298 0.0824335 0.1684293 0.0742875 0.1108298 0.0880573 0.1121736 0.3587346 0.0797744 
XM_001100692_4_PREDICTED_Macaca_mulatta_RRAD_and_GEM_like_GTPase_2_REM2_mRNA_1                                                    0.1293296 0.1293296 0.0205028 0.0205028 0.1025955 0.0797744 0.0000000 0.3170609 0.0789287 0.1179615 0.0318068 0.0258204 0.0426541 0.1251999 0.0797744 0.3417809 0.1417911 0.1151733 0.3710244 0.0936300 0.0050119 0.0324201 0.0806400 0.0936300 0.0258204 0.1293296 0.0991474 0.0806400 0.0843096 0.0946876 0.1864140 0.1615287 0.1236807 0.1805198 0.0957728 0.2063662 0.1002684 0.1438873 0.1025955 0.1095208 0.1325454 0.0925971 0.0050119 0.0870874 0.0735011 0.1193580 0.0925971 0.0936300 0.0806400 0.1349082 0.1179615 0.0870874 0.1399982 0.0797744 0.1070029 0.1070029 0.1222014 0.1436357 0.1293296 0.0100988 0.1293296 7.4299323 0.1002684 0.0797744 0.1025955 0.0101883 0.1325454 0.0797744 0.0925971 0.0870874 4.5663201 0.0263017 0.0852139 0.1165491 0.1207617 0.0789287 0.0870874 0.1095208 0.0870874 0.0925971 0.0208785 0.0880573 0.0101883 0.0861396 0.1057908 0.1070029 0.0870874 0.3781694 0.1277864 0.1207617 0.1095208 0.0742875 0.1014167 0.1293296 0.0152628 0.1293296 0.1025955 0.0870874 0.0806400 0.1082452 0.1095208 0.1365582 0.0870874 0.3710244 0.0680293 0.1277864 0.1475584 0.1222014 0.0673192 0.0936300 0.1456974 0.1349082 0.0370403 0.0208785 0.1002684 0.0870874 0.1070029 0.1222014 0.0861396 0.1293296 0.1070029 0.0870874 0.0870874 0.1309158 0.1082452 0.3781694 0.1095208 0.1151733 0.0815255 0.1038046 0.1002684 0.1095208 0.3231013 0.0735011 0.0797744 0.1651700 0.1399982 0.1082452 0.1207617 0.0861396 0.0797744 0.0870874 0.0797744 0.3228982 0.3466197 0.0880573 0.0673192 0.0680293 0.0806400 0.1325454 0.1165491 0.1179615 0.2006942 0.0861396 0.1165491 0.1070029 0.1325454 0.4170073 0.1002684 
XM_007479801_2_PREDICTED_Monodelphis_domestica_RAS_RAD_and_GEM_like_GTP_binding_2_REM2_mRNA_1                                     0.2893569 0.2998342 0.3170609 0.3170609 0.2938291 0.2664413 0.3170609 0.0000000 0.2944988 0.2998342 0.3409993 0.3170609 0.3587346 0.3358555 0.2796165 0.4012716 0.3171044 0.2785473 0.0735011 0.2938291 0.3057008 0.3057008 0.2834531 0.2938291 0.3285813 0.3352464 0.2785473 0.2938291 0.2893569 0.3114346 0.2352235 0.3656017 0.3170818 0.2893569 0.3053732 0.3641342 0.2944988 0.2664413 0.3057008 0.2834531 0.3003188 0.2785473 0.3057008 0.2824488 0.2774131 0.2678888 0.2885439 0.2938291 0.3170818 0.2738170 0.2368144 0.2429494 0.2998342 0.2885439 0.3053732 0.3053732 0.3111259 0.3112851 0.3341371 0.2944988 0.3475646 8.7698082 0.3060093 0.2774131 0.2329504 0.3228982 0.2678888 0.2664413 0.2885439 0.2429494 4.5570808 0.3409993 0.3170609 0.3050241 0.3053732 0.2944988 0.2834531 0.2834531 0.2429494 0.2489554 0.3409993 0.3475646 0.3228982 0.2998342 0.2573807 0.2938291 0.2944988 0.0618647 0.2725629 0.2725629 0.3053732 0.3053732 0.3112851 0.3352464 0.3057008 0.3352464 0.2938291 0.3053732 0.2834531 0.3111259 0.2834531 0.3231013 0.3053732 0.0493158 0.2834531 0.2944988 0.3112851 0.3475646 0.2785473 0.2618274 0.3417809 0.3285813 0.3466197 0.3409993 0.2944988 0.3053732 0.3057008 0.2893569 0.2678888 0.3352464 0.2834531 0.3170818 0.3053732 0.2834531 0.3231013 0.0631809 0.3543813 0.3112851 0.2885439 0.2998342 0.3170609 0.3057008 0.3815239 0.2678888 0.2885439 0.2738170 0.3114346 0.3111259 0.3053732 0.2998342 0.2885439 0.2834531 0.2885439 0.0493158 0.0206893 0.2785473 0.2998342 0.2834531 0.3053732 0.3003188 0.3285813 0.2893569 0.3932695 0.2692531 0.2951293 0.2843991 0.3003188 0.1002684 0.2944988 
XM_023622024_1_PREDICTED_Equus_caballus_RRAD_and_GEM_like_GTPase_2_REM2_transcript_variant_X1_mRNA_1                              0.1222014 0.1082452 0.0789287 0.0789287 0.0759157 0.0434931 0.0789287 0.2944988 0.0000000 0.0900720 0.0742875 0.0852139 0.0925971 0.0833636 0.0673192 0.3053732 0.1121736 0.1082452 0.3587346 0.1025955 0.0727325 0.0957728 0.0498128 0.0557931 0.0852139 0.0750915 0.0815255 0.0498128 0.0370403 0.0946876 0.1615287 0.1377158 0.1095208 0.1555623 0.0824335 0.1731857 0.0680293 0.1293296 0.0957728 0.0890523 0.1399982 0.0797744 0.0727325 0.0498128 0.0377584 0.0797744 0.0552272 0.0680293 0.0618647 0.1070029 0.1038046 0.0618647 0.1251999 0.0612282 0.0557931 0.0557931 0.0563708 0.1135539 0.0880573 0.0789287 0.1325454 8.9999984 0.0742875 0.0493158 0.0890523 0.0797744 0.1251999 0.0434931 0.0552272 0.0618647 4.3572914 0.0936300 0.0936300 0.1267609 0.1138339 0.0000010 0.0557931 0.0890523 0.0618647 0.0735011 0.0870874 0.0563708 0.0797744 0.0552272 0.0861396 0.0806400 0.0557931 0.3656017 0.1070029 0.1002684 0.1025955 0.0557931 0.0815255 0.0750915 0.0727325 0.0750915 0.0759157 0.0498128 0.0498128 0.0750915 0.0890523 0.0815255 0.0498128 0.3587346 0.0618647 0.1070029 0.1325454 0.0815255 0.0377584 0.0618647 0.0890523 0.1002684 0.0991474 0.0870874 0.0680293 0.0439250 0.0870874 0.1151733 0.0552272 0.0750915 0.0870874 0.0680293 0.0439250 0.1165491 0.0946876 0.3656017 0.0631809 0.1082452 0.0750915 0.1038046 0.0618647 0.1165491 0.2885439 0.0552272 0.0434931 0.1494728 0.1325454 0.0750915 0.1138339 0.0552272 0.0434931 0.0557931 0.0434931 0.3346754 0.3228982 0.0563708 0.0946876 0.0618647 0.0618647 0.1038046 0.1095208 0.1108298 0.1745250 0.0735011 0.1236807 0.1002684 0.1251999 0.4038657 0.0936300 
XM_051822640_1_PREDICTED_Oryctolagus_cuniculus_RRAD_and_GEM_like_GTPase_2_LOC100344089_mRNA_1                                     0.1813131 0.1651700 0.0900720 0.0900720 0.0625149 0.0911174 0.1179615 0.2998342 0.0900720 0.0000000 0.1251999 0.0968855 0.1194121 0.1256328 0.0824335 0.2987712 0.1395405 0.1494728 0.3781694 0.1317143 0.1108298 0.1209026 0.0833636 0.0900720 0.0968855 0.1300160 0.0911174 0.0563708 0.0957728 0.1050454 0.1359433 0.1637581 0.1283656 0.1697046 0.1063191 0.1805198 0.0377584 0.1382546 0.1359433 0.1474898 0.1267609 0.0957728 0.1108298 0.0968855 0.0843167 0.1165491 0.0843167 0.0991979 0.0687549 0.1179615 0.0824335 0.0900720 0.1779997 0.0759157 0.1063191 0.1063191 0.1224349 0.1179300 0.1121736 0.1179615 0.1300160 7.7805406 0.1038046 0.0557931 0.1038046 0.1194121 0.1455344 0.0911174 0.0843167 0.0900720 3.7635777 0.1179615 0.1283656 0.1555623 0.1399982 0.0900720 0.0900720 0.1474898 0.0900720 0.0870874 0.1108298 0.0932900 0.1194121 0.0759157 0.1267609 0.1283656 0.1063191 0.3231013 0.1630017 0.1552262 0.1593656 0.0625149 0.0498128 0.1300160 0.1108298 0.1300160 0.0625149 0.0625149 0.0833636 0.0618647 0.1474898 0.1377158 0.0625149 0.3409993 0.0968855 0.1630017 0.1864140 0.1377158 0.0694985 0.1108298 0.1474898 0.1630017 0.1121736 0.1108298 0.0434931 0.0625149 0.0552272 0.1731857 0.0911174 0.1300160 0.1399982 0.0750915 0.0625149 0.1674033 0.1300160 0.3727276 0.1164303 0.1342206 0.1121736 0.1300160 0.1063191 0.1514431 0.2813801 0.0694985 0.0911174 0.1179615 0.1267609 0.0618647 0.1399982 0.0759157 0.0911174 0.0900720 0.0911174 0.3409993 0.3289565 0.0911174 0.1224349 0.0968855 0.0687549 0.0557931 0.1251999 0.1267609 0.1674033 0.0890523 0.1251999 0.1399982 0.1494728 0.4253040 0.1325454 
XM_035260095_1_PREDICTED_Callithrix_jacchus_RRAD_and_GEM_like_GTPase_2_REM2_transcript_variant_X1_mRNA_1                          0.1399982 0.1399982 0.0318068 0.0318068 0.1121736 0.1014167 0.0318068 0.3409993 0.0742875 0.1251999 0.0000000 0.0373958 0.0434931 0.1359433 0.1082452 0.3821931 0.1377158 0.1399982 0.4118625 0.1025955 0.0263017 0.0208785 0.1025955 0.1165491 0.0373958 0.1251999 0.1082452 0.0742875 0.0925971 0.1179615 0.2096725 0.1864140 0.1342206 0.1720773 0.1050454 0.2212664 0.1095208 0.1552262 0.1267609 0.1121736 0.1514431 0.1014167 0.0263017 0.1095208 0.0946876 0.0991474 0.1014167 0.1025955 0.0742875 0.1456974 0.1283656 0.1095208 0.1593656 0.0946876 0.1025955 0.1025955 0.1038046 0.1555623 0.1251999 0.0318068 0.1293296 8.9692884 0.0957728 0.0880573 0.1267609 0.0321108 0.1436357 0.1014167 0.1014167 0.1095208 4.7882220 0.0152628 0.0806400 0.1121736 0.1456974 0.0742875 0.1095208 0.1121736 0.1095208 0.1014167 0.0100988 0.0900720 0.0321108 0.0946876 0.1151733 0.1025955 0.1095208 0.3656017 0.1382546 0.1309158 0.1342206 0.0680293 0.1108298 0.1251999 0.0373958 0.1251999 0.1121736 0.0806400 0.1025955 0.1179615 0.1121736 0.1325454 0.0806400 0.3986243 0.0824335 0.1382546 0.1674033 0.1325454 0.0880573 0.1025955 0.1417911 0.1456974 0.0493158 0.0100988 0.1095208 0.0680293 0.1165491 0.1325454 0.1082452 0.1251999 0.1165491 0.0806400 0.0680293 0.1494728 0.1251999 0.4066104 0.1121736 0.1325454 0.0968855 0.1283656 0.1070029 0.1417911 0.3614612 0.0880573 0.1014167 0.1779997 0.1514431 0.1179615 0.1456974 0.0946876 0.1014167 0.1095208 0.1014167 0.3475646 0.3727276 0.1108298 0.0750915 0.0824335 0.0742875 0.1436357 0.1309158 0.1436357 0.2123736 0.1151733 0.1494728 0.1456974 0.1399982 0.4620617 0.0957728 
XM_002824566_3_PREDICTED_Pongo_abelii_RRAD_and_GEM_like_GTPase_2_REM2_mRNA_1                                                      0.1293296 0.1293296 0.0050119 0.0050119 0.1025955 0.0861396 0.0258204 0.3170609 0.0852139 0.0968855 0.0373958 0.0000000 0.0260588 0.1179615 0.0735011 0.3171044 0.1342206 0.1151733 0.4089993 0.1002684 0.0205028 0.0324201 0.0806400 0.1002684 0.0100988 0.1222014 0.0925971 0.0742875 0.0906039 0.1014167 0.1864140 0.2036008 0.1165491 0.1555623 0.1025955 0.1979030 0.0806400 0.1365582 0.1025955 0.1165491 0.1325454 0.0861396 0.0205028 0.0936300 0.0797744 0.1262824 0.0861396 0.0870874 0.0742875 0.1277864 0.1251999 0.1070029 0.1399982 0.0735011 0.1002684 0.1002684 0.1151733 0.1514431 0.1222014 0.0258204 0.1151733 7.9942437 0.0936300 0.0735011 0.1165491 0.0260588 0.1251999 0.0861396 0.0861396 0.1070029 4.3516352 0.0318068 0.0915887 0.1236807 0.1421274 0.0852139 0.0870874 0.1165491 0.1070029 0.0991474 0.0263017 0.0815255 0.0260588 0.0797744 0.1057908 0.1002684 0.0936300 0.3656017 0.1277864 0.1207617 0.1236807 0.0680293 0.0815255 0.1222014 0.0312165 0.1222014 0.1025955 0.0806400 0.0806400 0.0880573 0.1165491 0.1293296 0.0806400 0.3587346 0.0806400 0.1277864 0.1475584 0.1293296 0.0735011 0.0936300 0.1382546 0.1349082 0.0206893 0.0263017 0.0806400 0.0806400 0.0870874 0.1222014 0.0861396 0.1222014 0.1070029 0.0806400 0.0806400 0.1309158 0.1151733 0.3909215 0.1025955 0.1293296 0.0946876 0.1251999 0.1070029 0.1236807 0.2993190 0.0673192 0.0861396 0.1572657 0.1399982 0.0880573 0.1421274 0.0797744 0.0861396 0.0870874 0.0861396 0.3346754 0.3466197 0.0880573 0.0735011 0.0806400 0.0742875 0.1179615 0.1309158 0.1325454 0.2468652 0.0797744 0.1309158 0.1277864 0.1325454 0.4577155 0.0870874 
XM_003260595_2_PREDICTED_Nomascus_leucogenys_RRAD_and_GEM_like_GTPase_2_REM2_mRNA_1                                               0.1568585 0.1568585 0.0206893 0.0206893 0.1251999 0.0980534 0.0426541 0.3587346 0.0925971 0.1194121 0.0434931 0.0260588 0.0000000 0.1309158 0.0936300 0.3475646 0.1399982 0.1421274 0.4577155 0.1057908 0.0370403 0.0503219 0.1082452 0.1125276 0.0260588 0.1207617 0.1138339 0.0946876 0.1112537 0.1236807 0.2245841 0.2180540 0.1293296 0.2006942 0.1251999 0.2007074 0.1014167 0.1349082 0.1293296 0.1293296 0.1456974 0.0980534 0.0370403 0.1057908 0.0915887 0.1349082 0.1070029 0.0991474 0.0946876 0.1438873 0.1494728 0.1293296 0.1608953 0.0936300 0.0991474 0.0991474 0.1138339 0.1651700 0.1456974 0.0370403 0.1456974 7.1017952 0.1014167 0.0936300 0.1293296 0.0430693 0.1382546 0.0980534 0.1070029 0.1293296 4.3516352 0.0493158 0.0991474 0.1475584 0.1664797 0.0925971 0.1151733 0.1293296 0.1293296 0.1207617 0.0434931 0.1025955 0.0430693 0.1002684 0.1277864 0.1125276 0.1057908 0.4118625 0.1549226 0.1476208 0.1513172 0.0880573 0.0936300 0.1138339 0.0483509 0.1138339 0.1251999 0.1014167 0.1082452 0.1236807 0.1222014 0.1277864 0.1014167 0.4038657 0.1014167 0.1549226 0.1765106 0.1207617 0.0936300 0.1222014 0.1365582 0.1623191 0.0050119 0.0434931 0.1014167 0.0880573 0.1082452 0.1494441 0.1070029 0.1207617 0.1333009 0.1014167 0.0880573 0.1588480 0.1309158 0.4389580 0.1251999 0.1309158 0.1165491 0.1494728 0.1293296 0.1365582 0.3289565 0.0870874 0.0980534 0.2007074 0.1532442 0.1236807 0.1664797 0.1002684 0.0980534 0.1151733 0.0980534 0.3781694 0.3909215 0.1165491 0.0936300 0.1014167 0.0946876 0.1417911 0.1552262 0.1456974 0.2605958 0.1002684 0.1552262 0.1513172 0.1731857 0.5108353 0.1125276 
XM_021099265_1_PREDICTED_Sus_scrofa_RRAD_and_GEM_like_GTPase_2_REM2_transcript_variant_X1_mRNA_1                                  0.1342206 0.1267609 0.1108298 0.1108298 0.1089718 0.0439250 0.1251999 0.3358555 0.0833636 0.1256328 0.1359433 0.1179615 0.1309158 0.0000000 0.0980268 0.3485690 0.1251999 0.1121736 0.3932695 0.0833636 0.1179615 0.1317143 0.0921897 0.0563708 0.1179615 0.0498128 0.0980268 0.0785098 0.0759157 0.1267609 0.2100532 0.1720773 0.1209026 0.2133908 0.0991979 0.1946917 0.0991979 0.1165491 0.1038046 0.0968855 0.1300160 0.0957728 0.1179615 0.0503219 0.0381277 0.1121736 0.0439250 0.0434931 0.0921897 0.1283656 0.1256328 0.0921897 0.1342206 0.0911174 0.0321108 0.0321108 0.0439250 0.0932900 0.1377158 0.1179615 0.1615287 7.2614208 0.1209026 0.0776240 0.0921897 0.1267609 0.1149722 0.0439250 0.0439250 0.0921897 3.5921929 0.1283656 0.1038046 0.1317143 0.1108298 0.0833636 0.0991979 0.0968855 0.0921897 0.0911174 0.1209026 0.0932900 0.1267609 0.0843167 0.0980268 0.0815255 0.0563708 0.4180998 0.1179615 0.1108298 0.1151733 0.0852939 0.0980268 0.0557931 0.1038046 0.0557931 0.1089718 0.0852939 0.0921897 0.1076274 0.1038046 0.0557931 0.0852939 0.4095181 0.0852939 0.1038046 0.1342206 0.0618647 0.0776240 0.1063191 0.0563708 0.1179615 0.1236807 0.1209026 0.0991979 0.0852939 0.1063191 0.1267609 0.0843167 0.0498128 0.0900720 0.0991979 0.0852939 0.1283656 0.0911174 0.4180998 0.1016351 0.1224349 0.0932900 0.1224349 0.0900720 0.1209026 0.3293559 0.0843167 0.0324201 0.1946917 0.1224349 0.1076274 0.1108298 0.0843167 0.0439250 0.0991979 0.0439250 0.3821931 0.3688159 0.1004002 0.0911174 0.0852939 0.0921897 0.1414198 0.1209026 0.1149722 0.2267561 0.1050454 0.1474898 0.1209026 0.1414198 0.3855815 0.0968855 
XM_003420937_2_PREDICTED_Loxodonta_africana_RRAD_and_GEM_like_GTPase_2_REM2_transcript_variant_X1_mRNA_1                          0.1382546 0.1236807 0.0673192 0.0673192 0.1038046 0.0680293 0.0797744 0.2796165 0.0673192 0.0824335 0.1082452 0.0735011 0.0936300 0.0980268 0.0000000 0.3352464 0.1436357 0.1095208 0.3627486 0.1222014 0.0735011 0.1038046 0.0750915 0.0880573 0.0735011 0.1025955 0.0666249 0.0750915 0.0606054 0.0915887 0.1755562 0.1674033 0.1399982 0.1495046 0.0880573 0.1438873 0.0815255 0.1608953 0.0968855 0.1325454 0.1267609 0.1070029 0.0735011 0.0815255 0.0618647 0.0980534 0.0806400 0.0946876 0.0880573 0.0906039 0.0870874 0.0735011 0.1342206 0.0742875 0.0815255 0.0815255 0.0957728 0.1300160 0.0852139 0.0797744 0.1651700 7.3709323 0.0991474 0.0742875 0.0880573 0.0806400 0.1309158 0.0680293 0.0806400 0.0735011 3.7635777 0.1014167 0.1262824 0.1630017 0.1293296 0.0673192 0.0815255 0.1325454 0.0735011 0.0915887 0.0946876 0.0759157 0.0806400 0.0806400 0.1002684 0.1151733 0.0815255 0.3227065 0.1222014 0.1151733 0.1179615 0.0815255 0.0824335 0.1025955 0.0612282 0.1025955 0.1038046 0.0815255 0.0750915 0.1025955 0.1325454 0.1095208 0.0815255 0.2951293 0.0880573 0.1365582 0.1417911 0.1095208 0.0618647 0.1014167 0.1179615 0.1151733 0.0870874 0.0946876 0.0815255 0.0815255 0.0880573 0.1309158 0.0557931 0.1025955 0.1151733 0.0815255 0.0815255 0.1251999 0.0957728 0.3457298 0.0968855 0.1382546 0.1025955 0.1165491 0.0735011 0.1038046 0.3170818 0.0680293 0.0557931 0.1630017 0.1342206 0.1025955 0.1293296 0.0806400 0.0680293 0.0815255 0.0680293 0.3170411 0.3060093 0.0824335 0.1138339 0.0880573 0.0880573 0.1025955 0.1179615 0.1121736 0.1977749 0.0050119 0.1108298 0.1014167 0.1267609 0.4062917 0.1082452 
XM_029077766_2_PREDICTED_Ornithorhynchus_anatinus_RRAD_and_GEM_like_GTPase_2_REM2_mRNA_1                                          0.4118625 0.4428051 0.3171044 0.3171044 0.2813801 0.3111259 0.3417809 0.4012716 0.3053732 0.2987712 0.3821931 0.3171044 0.3475646 0.3485690 0.3352464 0.0000000 0.3293559 0.3986243 0.4764790 0.3417809 0.3293559 0.3556233 0.2938291 0.3171044 0.3171044 0.3475646 0.3614612 0.2931164 0.3111259 0.3231013 0.3293559 0.4066104 0.3417809 0.4663084 0.3984024 0.3957588 0.2601777 0.3466197 0.3409993 0.3821931 0.3600568 0.2885439 0.3293559 0.3293559 0.2993190 0.3877947 0.2993190 0.2938291 0.3050241 0.3417809 0.3112851 0.3543813 0.4148915 0.2876797 0.3170818 0.3170818 0.3475646 0.3233187 0.3614612 0.3293559 0.3496386 7.8547930 0.3417809 0.2762078 0.3957588 0.3485690 0.2785473 0.3111259 0.2993190 0.3543813 3.9634027 0.3556233 0.3293559 0.4126018 0.4066104 0.3053732 0.2938291 0.3821931 0.3543813 0.3231013 0.3556233 0.3629558 0.3485690 0.2993190 0.3877947 0.3417809 0.3293559 0.4170073 0.4339001 0.4066104 0.4095181 0.2931164 0.2556283 0.3600568 0.3417809 0.3600568 0.2813801 0.2931164 0.2938291 0.2649035 0.3957588 0.3600568 0.2931164 0.4353118 0.3821931 0.4066104 0.4148915 0.3727276 0.3233187 0.3289565 0.3801213 0.3801213 0.3352464 0.3556233 0.2601777 0.3050241 0.2938291 0.4118625 0.3745352 0.3475646 0.3932695 0.3050241 0.3050241 0.4066104 0.3614612 0.4170073 0.3984024 0.4180998 0.4180998 0.4040243 0.2938291 0.3801213 0.0153987 0.2987712 0.3111259 0.2938291 0.3727276 0.2649035 0.4066104 0.2993190 0.3111259 0.2938291 0.3111259 0.3341371 0.4353118 0.2774131 0.3233187 0.3821931 0.2931164 0.3233187 0.3293559 0.3600568 0.4765397 0.3475646 0.3932695 0.3932695 0.3855815 0.5006047 0.3932695 
XM_023567007_1_PREDICTED_Cavia_porcellus_RRAD_and_GEM_like_GTPase_2_Rem2_transcript_variant_X2_mRNA_1                             0.1674033 0.1674033 0.1267609 0.1267609 0.1256328 0.1179615 0.1417911 0.3171044 0.1121736 0.1395405 0.1377158 0.1342206 0.1399982 0.1251999 0.1436357 0.3293559 0.0000000 0.1674033 0.4428051 0.1194121 0.1342206 0.1495046 0.1300160 0.1342206 0.1342206 0.1436357 0.1436357 0.0932900 0.0968855 0.1890857 0.2161569 0.2096725 0.0980268 0.2006798 0.1660572 0.2256220 0.1050454 0.1179615 0.1534720 0.1050454 0.1514431 0.0750915 0.1342206 0.1267609 0.1108298 0.1359433 0.1283656 0.1342206 0.1076274 0.1455344 0.1555623 0.1455344 0.1674033 0.0991979 0.1342206 0.1342206 0.1359433 0.1436357 0.1720773 0.1342206 0.1890857 7.8491690 0.1455344 0.0991979 0.1377158 0.1436357 0.1209026 0.1179615 0.1283656 0.1455344 3.3959714 0.1300160 0.1417911 0.1660572 0.1236807 0.1121736 0.1224349 0.1050454 0.1300160 0.1475584 0.1377158 0.1317143 0.1436357 0.1063191 0.1359433 0.0759157 0.1342206 0.3821931 0.1651700 0.1572657 0.1267609 0.1004002 0.1108298 0.1359433 0.1342206 0.1359433 0.1256328 0.1004002 0.1300160 0.1240110 0.0980268 0.1514431 0.1004002 0.3877947 0.1377158 0.1417911 0.1838244 0.1436357 0.1135539 0.1300160 0.1534720 0.1572657 0.1325454 0.1377158 0.1050454 0.1004002 0.1267609 0.1755562 0.1436357 0.1436357 0.1572657 0.1149722 0.1004002 0.1697046 0.1514431 0.3543813 0.1577170 0.1514431 0.1283656 0.1770507 0.1149722 0.1615287 0.3111259 0.0921897 0.1179615 0.2006942 0.1593656 0.1240110 0.1236807 0.1063191 0.1179615 0.1224349 0.1179615 0.3231013 0.3485690 0.1395405 0.1283656 0.1377158 0.1076274 0.1474898 0.1121736 0.1674033 0.2230980 0.1359433 0.1615287 0.1615287 0.1555623 0.4965918 0.1342206 
XM_027390645_2_PREDICTED_Cricetulus_griseus_RRAD_and_GEM_like_GTPase_2_Rem2_transcript_variant_X2_mRNA_1                          0.0593997 0.0606054 0.1222014 0.1222014 0.1151733 0.0806400 0.1151733 0.2785473 0.1082452 0.1494728 0.1399982 0.1151733 0.1421274 0.1121736 0.1095208 0.3986243 0.1674033 0.0000000 0.3532132 0.1179615 0.1082452 0.1251999 0.0900720 0.0946876 0.1293296 0.1025955 0.1267609 0.1108298 0.1002684 0.1417911 0.1720773 0.1755562 0.1399982 0.1377158 0.1514431 0.2065876 0.1325454 0.1456974 0.0260588 0.1014167 0.0606054 0.1070029 0.1082452 0.0880573 0.0742875 0.1309158 0.1025955 0.0880573 0.1251999 0.1552262 0.1149722 0.1108298 0.0488283 0.1095208 0.0946876 0.0946876 0.1095208 0.1534720 0.1651700 0.1082452 0.1651700 8.6677106 0.1475584 0.1095208 0.0552272 0.1095208 0.1342206 0.0806400 0.1025955 0.1108298 5.0158585 0.1325454 0.1325454 0.1805198 0.1179615 0.1082452 0.0968855 0.1014167 0.0968855 0.1309158 0.1251999 0.1342206 0.1095208 0.1025955 0.0870874 0.1082452 0.0750915 0.3600568 0.0599961 0.0541313 0.0612282 0.1179615 0.1309158 0.1095208 0.0946876 0.1095208 0.1151733 0.1179615 0.0900720 0.1165491 0.1082452 0.1095208 0.1179615 0.3289565 0.0900720 0.0719809 0.0488283 0.1165491 0.0890523 0.0900720 0.1179615 0.0659458 0.1349082 0.1251999 0.1325454 0.1179615 0.1399982 0.0536005 0.0806400 0.1025955 0.0659458 0.1325454 0.1179615 0.0370403 0.1342206 0.3600568 0.1436357 0.1342206 0.1050454 0.1779997 0.1179615 0.0426541 0.3781694 0.1095208 0.0680293 0.1674033 0.0546734 0.1165491 0.1179615 0.1025955 0.0680293 0.0968855 0.0680293 0.3289565 0.3057008 0.0980268 0.1194121 0.0900720 0.1251999 0.1572657 0.1359433 0.0546734 0.2411034 0.1165491 0.0612282 0.0815255 0.0498128 0.4118625 0.0483509 
XM_031955028_1_PREDICTED_Sarcophilus_harrisii_RRAD_and_GEM_like_GTPase_2_REM2_mRNA_1                                              0.3532132 0.3801213 0.4089993 0.4089993 0.3877947 0.3532132 0.3710244 0.0735011 0.3587346 0.3781694 0.4118625 0.4089993 0.4577155 0.3932695 0.3627486 0.4764790 0.4428051 0.3532132 0.0000000 0.3475646 0.3834942 0.4118625 0.3466197 0.3727276 0.4220501 0.3932695 0.3641342 0.3600568 0.3521141 0.3282274 0.2605958 0.3600568 0.3855815 0.3781694 0.3475646 0.4353118 0.3587346 0.3057008 0.3727276 0.3727276 0.3532132 0.3402645 0.3834942 0.3600568 0.3409993 0.3057008 0.3532132 0.3600568 0.3600568 0.3574885 0.2834531 0.2893569 0.3417809 0.3781694 0.3727276 0.3727276 0.3671602 0.3532132 0.3887066 0.3710244 0.4066104 8.3687559 0.3457298 0.3409993 0.3112851 0.4038657 0.3285813 0.3532132 0.3532132 0.2893569 6.0907950 0.4118625 0.3834942 0.3745352 0.3986243 0.3587346 0.3466197 0.3727276 0.2893569 0.2843991 0.4118625 0.4201512 0.4038657 0.3656017 0.3409993 0.3600568 0.3466197 0.0925971 0.3600568 0.3600568 0.3231013 0.3727276 0.3781694 0.3932695 0.3834942 0.3932695 0.3877947 0.3727276 0.3466197 0.3801213 0.3727276 0.4066104 0.3727276 0.0789287 0.3112851 0.3727276 0.3293559 0.3801213 0.3402645 0.3228982 0.4012448 0.4118625 0.4439216 0.4118625 0.3587346 0.3727276 0.3710244 0.3532132 0.3532132 0.3932695 0.3600568 0.3855815 0.3727276 0.3475646 0.3801213 0.1082452 0.4287420 0.3532132 0.3170818 0.3170818 0.3710244 0.3600568 0.4535867 0.3521141 0.3532132 0.3007755 0.3409993 0.3801213 0.3986243 0.3656017 0.3409993 0.3466197 0.3409993 0.0915887 0.0870874 0.3402645 0.3656017 0.3112851 0.3727276 0.3909215 0.3961501 0.3170818 0.4428051 0.3745917 0.3466197 0.3227065 0.3656017 0.0315088 0.3727276 
XM_003801909_3_PREDICTED_Otolemur_garnettii_RRAD_and_GEM_like_GTPase_2_REM2_mRNA_1                                                0.1475584 0.1179615 0.0936300 0.0936300 0.1149722 0.0815255 0.0936300 0.2938291 0.1025955 0.1317143 0.1025955 0.1002684 0.1057908 0.0833636 0.1222014 0.3417809 0.1194121 0.1179615 0.3475646 0.0000000 0.0870874 0.1050454 0.1050454 0.0890523 0.1002684 0.1038046 0.0946876 0.0911174 0.1082452 0.1399982 0.2068282 0.1831204 0.1417911 0.2195675 0.1004002 0.1949477 0.1050454 0.1325454 0.1194121 0.1025955 0.1359433 0.1082452 0.0870874 0.0890523 0.0750915 0.1108298 0.0900720 0.0824335 0.1050454 0.1309158 0.0921897 0.0980268 0.1108298 0.1038046 0.0824335 0.0824335 0.0968855 0.1283656 0.1399982 0.0870874 0.1436357 8.3945974 0.1267609 0.0900720 0.1050454 0.0946876 0.1251999 0.0815255 0.0900720 0.0980268 4.7882220 0.0957728 0.0430693 0.0742875 0.1165491 0.1025955 0.1121736 0.1025955 0.0980268 0.1038046 0.0890523 0.1038046 0.0946876 0.0968855 0.0900720 0.0936300 0.0890523 0.3671602 0.1165491 0.1236807 0.1417911 0.0980268 0.1108298 0.0968855 0.0870874 0.0968855 0.1149722 0.0980268 0.1050454 0.1209026 0.0957728 0.1108298 0.0980268 0.3475646 0.0710386 0.1095208 0.1251999 0.1038046 0.0900720 0.1050454 0.1194121 0.1236807 0.0991474 0.0890523 0.1050454 0.0980268 0.1121736 0.1399982 0.0833636 0.1038046 0.0957728 0.1121736 0.0980268 0.1194121 0.0968855 0.3543813 0.1121736 0.0991979 0.0852939 0.1317143 0.1025955 0.1267609 0.3231013 0.0968855 0.0815255 0.1831204 0.1283656 0.1209026 0.1165491 0.0968855 0.0815255 0.1121736 0.0815255 0.2993190 0.3475646 0.1135539 0.0315088 0.0710386 0.1050454 0.1395405 0.1121736 0.1209026 0.2230980 0.1293296 0.1455344 0.1194121 0.1317143 0.3932695 0.1025955 
XM_003901565_5_PREDICTED_Papio_anubis_RRAD_and_GEM_like_GTPase_2_REM2_mRNA_1                                                      0.1222014 0.1222014 0.0152628 0.0152628 0.0957728 0.0735011 0.0050119 0.3057008 0.0727325 0.1108298 0.0263017 0.0205028 0.0370403 0.1179615 0.0735011 0.3293559 0.1342206 0.1082452 0.3834942 0.0870874 0.0000000 0.0268013 0.0742875 0.0870874 0.0205028 0.1222014 0.0925971 0.0742875 0.0781021 0.0880573 0.1779997 0.1697046 0.1165491 0.1720773 0.0890523 0.1979030 0.0936300 0.1365582 0.0957728 0.1025955 0.1251999 0.0861396 0.0000010 0.0806400 0.0673192 0.1125276 0.0861396 0.0870874 0.0742875 0.1277864 0.1108298 0.0806400 0.1325454 0.0735011 0.1002684 0.1002684 0.1151733 0.1359433 0.1222014 0.0050119 0.1222014 7.7102888 0.0936300 0.0735011 0.0957728 0.0050557 0.1251999 0.0735011 0.0861396 0.0806400 4.3516352 0.0208785 0.0789287 0.1095208 0.1138339 0.0727325 0.0806400 0.1025955 0.0806400 0.0861396 0.0155384 0.0815255 0.0050557 0.0797744 0.0991474 0.1002684 0.0806400 0.3656017 0.1207617 0.1138339 0.1165491 0.0680293 0.0946876 0.1222014 0.0100988 0.1222014 0.0957728 0.0806400 0.0742875 0.1014167 0.1025955 0.1293296 0.0806400 0.3587346 0.0618647 0.1207617 0.1399982 0.1293296 0.0612282 0.0870874 0.1382546 0.1277864 0.0315088 0.0155384 0.0936300 0.0806400 0.1002684 0.1151733 0.0797744 0.1222014 0.1002684 0.0806400 0.0806400 0.1236807 0.1014167 0.3656017 0.1025955 0.1082452 0.0750915 0.1108298 0.0936300 0.1025955 0.3111259 0.0673192 0.0735011 0.1572657 0.1325454 0.1014167 0.1138339 0.0797744 0.0735011 0.0806400 0.0735011 0.3112851 0.3346754 0.0815255 0.0612282 0.0618647 0.0742875 0.1251999 0.1095208 0.1108298 0.2096725 0.0797744 0.1095208 0.1138339 0.1251999 0.4303559 0.0936300 
XM_003924335_3_PREDICTED_Saimiri_boliviensis_boliviensis_RRAD_and_GEM_like_GTPase_2_REM2_mRNA_1                                   0.1475584 0.1475584 0.0268013 0.0268013 0.0980268 0.0968855 0.0324201 0.3057008 0.0957728 0.1209026 0.0208785 0.0324201 0.0503219 0.1317143 0.1038046 0.3556233 0.1495046 0.1251999 0.4118625 0.1050454 0.0268013 0.0000000 0.0980268 0.1121736 0.0324201 0.1359433 0.1038046 0.0694985 0.1014167 0.1135539 0.2161569 0.1918435 0.1300160 0.1593656 0.1076274 0.2187777 0.1050454 0.1436357 0.1194121 0.1121736 0.1436357 0.0968855 0.0268013 0.1050454 0.0900720 0.1151733 0.0968855 0.0980268 0.0694985 0.1417911 0.1317143 0.1121736 0.1593656 0.0900720 0.1121736 0.1121736 0.1283656 0.1599394 0.1359433 0.0324201 0.1251999 8.4612912 0.0890523 0.0767596 0.1121736 0.0327367 0.1395405 0.0968855 0.0968855 0.1121736 4.3398950 0.0155384 0.0957728 0.1300160 0.1417911 0.0957728 0.1050454 0.1121736 0.1121736 0.1038046 0.0102793 0.0921897 0.0327367 0.0900720 0.1014167 0.1121736 0.1050454 0.3656017 0.1456974 0.1309158 0.1342206 0.0631809 0.1063191 0.1359433 0.0381277 0.1359433 0.0980268 0.0759157 0.0980268 0.1135539 0.1121736 0.1436357 0.0759157 0.3986243 0.0843167 0.1456974 0.1674033 0.1436357 0.0833636 0.1121736 0.1534720 0.1532442 0.0443671 0.0102793 0.1050454 0.0759157 0.1121736 0.1399982 0.0946876 0.1359433 0.1236807 0.0759157 0.0759157 0.1494728 0.1209026 0.4520280 0.1076274 0.1359433 0.0991979 0.1317143 0.1025955 0.1342206 0.3358555 0.0833636 0.0968855 0.1831204 0.1436357 0.1135539 0.1417911 0.0900720 0.0968855 0.1050454 0.0968855 0.3475646 0.3346754 0.0968855 0.0767596 0.0843167 0.0694985 0.1283656 0.1342206 0.1359433 0.2187777 0.1108298 0.1417911 0.1417911 0.1325454 0.4620617 0.1025955 
XM_003987456_6_PREDICTED_Felis_catus_RRAD_and_GEM_like_GTPase_2_REM2_mRNA_1                                                       0.1325454 0.1179615 0.0806400 0.0806400 0.0557931 0.0503219 0.0806400 0.2834531 0.0498128 0.0833636 0.1025955 0.0806400 0.1082452 0.0921897 0.0750915 0.2938291 0.1300160 0.0900720 0.3466197 0.1050454 0.0742875 0.0980268 0.0000000 0.0618647 0.0806400 0.0968855 0.0900720 0.0439250 0.0552272 0.1038046 0.1660572 0.1660572 0.1050454 0.1684293 0.0911174 0.1864140 0.0618647 0.1325454 0.0911174 0.1050454 0.1436357 0.0815255 0.0742875 0.0557931 0.0443671 0.1014167 0.0625149 0.0759157 0.0557931 0.1165491 0.0921897 0.0694985 0.1283656 0.0206893 0.0759157 0.0759157 0.0900720 0.1164303 0.0968855 0.0806400 0.1251999 8.3383039 0.0824335 0.0434931 0.0911174 0.0815255 0.1283656 0.0503219 0.0625149 0.0694985 4.1597934 0.0957728 0.1095208 0.1342206 0.1138339 0.0498128 0.0050119 0.1050454 0.0694985 0.0880573 0.0890523 0.0702594 0.0815255 0.0153987 0.0815255 0.0957728 0.0569624 0.3532132 0.1165491 0.1095208 0.1121736 0.0498128 0.0750915 0.0968855 0.0742875 0.0968855 0.0557931 0.0498128 0.0000010 0.0493158 0.1050454 0.1038046 0.0498128 0.3466197 0.0618647 0.1165491 0.1359433 0.1038046 0.0210724 0.0205028 0.1121736 0.1165491 0.1014167 0.0890523 0.0680293 0.0498128 0.0680293 0.1251999 0.0625149 0.0968855 0.0957728 0.0618647 0.0498128 0.1194121 0.1038046 0.3532132 0.0911174 0.1082452 0.0750915 0.1135539 0.0694985 0.1194121 0.2774131 0.0377584 0.0503219 0.1534720 0.1359433 0.0493158 0.1138339 0.0153987 0.0503219 0.0050119 0.0503219 0.3228982 0.3112851 0.0050557 0.0968855 0.0618647 0.0557931 0.0900720 0.1025955 0.1135539 0.2068282 0.0815255 0.1267609 0.1025955 0.1209026 0.3909215 0.1025955 
