175
NM_080726_3_Mus_musculus_rad_and_gem_related_GTP_binding_protein_2_Rem2_mRNA_1                                                    0.0000000 0.1540398 0.1499875 0.0576821 0.1515182 0.1700099 0.1620491 0.3907514 0.1413708 0.1649057 0.1592084 0.1597590 0.1625072 0.1755322 0.1725211 0.4252514 0.1792466 0.0790078 0.4031226 0.1764609 0.1553668 0.1566813 0.1681502 0.1593038 0.1580542 0.1482168 0.1394152 0.1868348 0.1641569 0.1538364 0.1704913 0.2010047 0.2355565 0.1934575 0.1627644 0.1857990 0.2950214 0.1717052 0.1513578 0.1024125 0.1631385 0.1013967 0.1737596 0.1580449 0.2145198 0.1346915 0.2185830 0.1602025 0.2304869 0.3678920 0.2234757 0.2170423 0.1735508 0.0989658 0.1634807 0.1468553 0.1490525 0.1389609 0.2276137 0.2167722 0.1577945 0.1756398 0.5493759 0.1480142 0.1614140 0.1087444 0.1587557 0.1548073 0.1527581 0.1627352 0.1715029 0.1581179 0.4757930 0.1581179 0.1581179 0.1627596 0.1715407 0.1684379 0.1619667 0.1428557 0.1618149 0.1623858 0.1663537 0.1862745 0.1574307 0.1861002 0.1574189 0.1587784 0.1640154 0.1500224 0.1249279 0.1601355 0.4214972 0.0130204 0.0311991 0.0789871 0.1597488 0.1677884 0.1425582 0.1910471 0.1791876 0.1581179 0.1685294 0.1669393 0.2631949 0.1656890 0.1612906 0.1423930 0.1513081 0.1654920 0.3644851 0.1589921 0.1760906 0.0486642 0.0984076 0.1452839 0.1568089 0.1575169 0.1426400 0.0429041 0.1575163 0.1590915 0.1763273 0.1611822 0.1452132 0.1757427 0.0600287 0.1723801 0.1545755 0.1424588 0.0453404 0.1657807 0.1613211 0.0888113 0.1650773 0.3587630 0.1463597 0.1860546 0.1901481 0.1701112 0.1943866 0.1845913 0.0873488 0.4368516 0.1621292 0.1728668 0.1512060 0.2057533 0.1002713 0.1676946 0.1639923 0.1382584 0.1548297 0.1618148 0.1520259 0.4979202 0.3936224 0.1624138 0.1636204 0.1842767 0.1644391 0.1802497 0.1631743 0.1426634 0.1779811 0.0959393 0.1616657 0.2565320 0.1723727 0.1567975 0.0991003 0.1016082 0.0900370 0.4016929 0.0531003 
XM_009427474_3_PREDICTED_Pan_troglodytes_RRAD_and_GEM_like_GTPase_2_REM2_transcript_variant_X1_mRNA_1                             0.1540398 0.0000000 0.0969969 0.1604338 0.0039474 0.1131331 0.0372115 0.3680639 0.0850459 0.1212680 0.0541437 0.0191100 0.0245021 0.1122489 0.1090984 0.3688427 0.1482386 0.1295703 0.3722741 0.1070444 0.0009794 0.0351027 0.0512994 0.1050543 0.1049367 0.0109521 0.1006782 0.1241897 0.1004595 0.0993835 0.1089325 0.1816517 0.2011922 0.1531060 0.1564747 0.1297411 0.2372380 0.1045527 0.1179850 0.1566514 0.1350552 0.1615173 0.1333932 0.0340291 0.1592054 0.0863703 0.1519143 0.1016444 0.1701155 0.2880681 0.1603090 0.1663028 0.1182160 0.1566470 0.1011298 0.0995133 0.0991602 0.1034027 0.1691848 0.1510966 0.0372041 0.0999562 0.4332009 0.0871101 0.0977066 0.1269225 0.0320283 0.1190296 0.0970115 0.1040013 0.1204384 0.0340431 0.2910772 0.0340431 0.0340431 0.0508341 0.0901704 0.0915303 0.1365473 0.0888598 0.1061549 0.1350734 0.1155930 0.1092121 0.0486573 0.1126532 0.0331081 0.0995846 0.1181739 0.0979930 0.1061175 0.1131762 0.3859108 0.1531766 0.1494262 0.1442853 0.0915166 0.1046839 0.1020811 0.0713515 0.1316841 0.0340431 0.1143898 0.0978483 0.1895264 0.1075742 0.1363335 0.1033934 0.0982026 0.0965763 0.3257609 0.1352070 0.1162216 0.1481245 0.1572792 0.1020811 0.0941124 0.1074374 0.1035696 0.1500758 0.0212691 0.0476406 0.1020444 0.0953398 0.1020296 0.1046372 0.1571551 0.1167815 0.0330945 0.1008522 0.1451107 0.0992509 0.0980020 0.1546701 0.1081704 0.3326443 0.0966916 0.1222695 0.1291840 0.1232555 0.1284113 0.1251078 0.1495322 0.3680516 0.0990445 0.1216929 0.1020289 0.1727592 0.1631865 0.1092226 0.1342374 0.0900534 0.1047240 0.1062430 0.1021944 0.4633833 0.3630958 0.1039828 0.0890568 0.1229830 0.0980406 0.1102132 0.1392732 0.0874868 0.1355612 0.1601089 0.1018217 0.2083834 0.1090083 0.0362337 0.1598595 0.1675888 0.1515088 0.3665459 0.1440223 
NM_001192708_1_Bos_taurus_RRAD_and_GEM_like_GTPase_2_REM2_mRNA_2                                                                  0.1499875 0.0969969 0.0000000 0.1549870 0.0946664 0.0868660 0.1058387 0.3505322 0.0592111 0.1161813 0.1051186 0.1047312 0.1049006 0.0664730 0.0945604 0.3629067 0.1452443 0.1262136 0.3622208 0.1176484 0.0982026 0.1034451 0.1127105 0.0752915 0.0161222 0.0968429 0.0489921 0.1009942 0.0670672 0.0665984 0.0938579 0.1710521 0.1717977 0.1551081 0.1581626 0.1047585 0.2043131 0.0818406 0.1210251 0.1651487 0.1431364 0.1596553 0.1260518 0.1021821 0.0692996 0.0036974 0.1358224 0.0610948 0.1203460 0.2495619 0.1559330 0.1554269 0.0882669 0.1459131 0.0752046 0.0499841 0.0498164 0.0511269 0.1453307 0.1362924 0.1045124 0.1093777 0.3936171 0.0983341 0.0696105 0.1153461 0.1051459 0.1279620 0.0019710 0.0633079 0.0904337 0.1022275 0.3853891 0.1009708 0.1022275 0.1039979 0.0915584 0.0966256 0.1331107 0.0604196 0.0751718 0.1362558 0.0858133 0.0933865 0.0977847 0.0847967 0.1039209 0.0738118 0.0956968 0.0000010 0.0991600 0.0234819 0.3600624 0.1510209 0.1498890 0.1388567 0.0635157 0.0753546 0.0500280 0.1297025 0.0745301 0.1022275 0.0868723 0.0670505 0.1567652 0.0816789 0.1445678 0.0466458 0.0009840 0.0658697 0.3096690 0.1363909 0.0998781 0.1488455 0.1394621 0.0500280 0.0653834 0.0764096 0.0489547 0.1438629 0.0993875 0.0967368 0.0757592 0.0646907 0.0500020 0.0780472 0.1546227 0.0852577 0.1038745 0.0488957 0.1458149 0.0706960 0.0647393 0.1398796 0.0934438 0.3153199 0.0476044 0.0847338 0.1177681 0.1026290 0.0985741 0.0994725 0.1513637 0.3547985 0.0699403 0.0916231 0.0140472 0.1635681 0.1584345 0.0831662 0.1307975 0.0636201 0.0201937 0.0752303 0.0181307 0.4605440 0.3400693 0.0754324 0.0994670 0.1050998 0.0695533 0.0809888 0.1391727 0.0580632 0.1423186 0.1563815 0.0738429 0.1768761 0.0957005 0.1023699 0.1587313 0.1669463 0.1634349 0.3474221 0.1454591 
NM_022685_2_Rattus_norvegicus_RRAD_and_GEM_like_GTPase_2_Rem2_mRNA_1                                                              0.0576821 0.1604338 0.1549870 0.0000000 0.1578659 0.1680038 0.1613642 0.3730476 0.1436269 0.1688852 0.1641844 0.1649282 0.1690873 0.1744709 0.1730872 0.4241090 0.1783681 0.0882683 0.3865623 0.1733849 0.1617876 0.1587401 0.1698597 0.1630552 0.1568615 0.1573635 0.1482787 0.1937367 0.1652032 0.1526427 0.1764594 0.2018268 0.2305034 0.1868039 0.1585385 0.1943602 0.2991297 0.1772282 0.1543797 0.1105706 0.1698665 0.0906045 0.1654430 0.1601227 0.2131285 0.1433559 0.2159169 0.1610189 0.2220423 0.3678663 0.2332597 0.2307993 0.1754523 0.1060283 0.1644267 0.1559429 0.1595144 0.1463270 0.2228633 0.2159820 0.1585294 0.1698893 0.5533293 0.1526940 0.1669374 0.1158309 0.1652701 0.1588854 0.1578126 0.1635814 0.1777894 0.1572936 0.4897143 0.1601977 0.1601977 0.1600050 0.1602411 0.1585683 0.1640767 0.1479976 0.1627378 0.1691156 0.1651085 0.1779501 0.1588724 0.1890399 0.1639062 0.1625088 0.1631428 0.1533058 0.1209714 0.1653901 0.4082218 0.0521405 0.0577222 0.0861354 0.1592841 0.1674159 0.1515236 0.1966785 0.1831763 0.1601977 0.1693836 0.1665560 0.2787076 0.1667681 0.1679596 0.1513472 0.1548527 0.1650923 0.3526897 0.1656252 0.1761628 0.0568309 0.1034399 0.1543198 0.1591397 0.1583829 0.1516134 0.0541882 0.1639610 0.1606151 0.1760503 0.1607337 0.1514495 0.1739299 0.0078074 0.1714433 0.1609988 0.1514182 0.0554877 0.1653836 0.1608738 0.0936083 0.1801293 0.3391514 0.1567497 0.1888694 0.1901527 0.1713456 0.1971515 0.1862310 0.0830883 0.4353458 0.1616958 0.1791765 0.1562266 0.2080598 0.0894830 0.1688047 0.1647934 0.1419372 0.1614227 0.1628873 0.1585551 0.4692942 0.3757749 0.1662239 0.1552701 0.1841989 0.1640266 0.1798565 0.1699040 0.1423433 0.1867252 0.0934175 0.1625859 0.2529574 0.1729369 0.1575191 0.0923942 0.1002379 0.1017197 0.3877672 0.0648404 
NM_173527_3_Homo_sapiens_RRAD_and_GEM_like_GTPase_2_REM2_mRNA_1                                                                   0.1515182 0.0039474 0.0946664 0.1578659 0.0000000 0.1136733 0.0350952 0.3667711 0.0851686 0.1187991 0.0519472 0.0170745 0.0224287 0.1097823 0.1092618 0.3630350 0.1499330 0.1297679 0.3751388 0.1072020 0.0049382 0.0329916 0.0490924 0.1077651 0.1003319 0.0069445 0.0957512 0.1216058 0.0980140 0.0995291 0.1090938 0.1834931 0.1982896 0.1546724 0.1567139 0.1299384 0.2375038 0.1047079 0.1181587 0.1568912 0.1352574 0.1588917 0.1323239 0.0319220 0.1520418 0.0819445 0.1490745 0.0992542 0.1672796 0.2798777 0.1605561 0.1665655 0.1183903 0.1568924 0.1038146 0.0945927 0.0942578 0.1010256 0.1694665 0.1483895 0.0350881 0.0975231 0.4371778 0.0847583 0.0978506 0.1271117 0.0299200 0.1192054 0.0971520 0.1016083 0.1206157 0.0319351 0.2864252 0.0319351 0.0319351 0.0486477 0.0903013 0.0916634 0.1367520 0.0889886 0.1088677 0.1352756 0.1171175 0.1093759 0.0464764 0.1128202 0.0309955 0.1022538 0.1183481 0.0956382 0.1062724 0.1055548 0.3866309 0.1506090 0.1496505 0.1445090 0.0891044 0.1048396 0.0971377 0.0701696 0.1276473 0.0319351 0.1149363 0.0954131 0.1930918 0.1080842 0.1365378 0.0984377 0.0958695 0.0941456 0.3244850 0.1354097 0.1177713 0.1483467 0.1575246 0.0971377 0.0967372 0.1101582 0.1011881 0.1503003 0.0192164 0.0477065 0.1021959 0.0929130 0.0970884 0.1047927 0.1546018 0.1169569 0.0309827 0.0959166 0.1453279 0.0968078 0.0929866 0.1520789 0.1083310 0.3313561 0.0918067 0.1224522 0.1307988 0.1220664 0.1286048 0.1225767 0.1470081 0.3622281 0.1016970 0.1218721 0.0974522 0.1745651 0.1605533 0.1097426 0.1344389 0.0920651 0.0998095 0.1089585 0.0973001 0.4700379 0.3658943 0.1066914 0.0866807 0.1245629 0.0956007 0.1103780 0.1394822 0.0876132 0.1357700 0.1575451 0.1048349 0.2072291 0.1091714 0.0341155 0.1572406 0.1678444 0.1517408 0.3693705 0.1442382 
XM_005623217_4_PREDICTED_Canis_lupus_familiaris_RRAD_and_GEM_like_GTPase_2_REM2_transcript_variant_X1_mRNA_1                      0.1700099 0.1131331 0.0868660 0.1680038 0.1136733 0.0000000 0.1065468 0.3482770 0.0725851 0.1240729 0.1228686 0.1162303 0.1151654 0.1030281 0.1178487 0.3632911 0.1568321 0.1311489 0.3419908 0.1260510 0.1143898 0.1066655 0.1196938 0.0686394 0.0842933 0.1145515 0.0918982 0.1285491 0.0414714 0.0803512 0.1161354 0.1733600 0.1702278 0.1601815 0.1589652 0.1269289 0.2266891 0.0517261 0.1287527 0.1765308 0.1457456 0.1631739 0.1375454 0.1053747 0.1383009 0.0795814 0.1481949 0.0930586 0.1628589 0.2278548 0.1717402 0.1638669 0.1016166 0.1674292 0.0661994 0.0903337 0.0875362 0.0890952 0.1552758 0.1524101 0.1090953 0.1114295 0.4603020 0.1079932 0.0392963 0.1236221 0.1084153 0.1391652 0.0893362 0.0969824 0.1038445 0.1054224 0.3913325 0.1054224 0.1054224 0.1137043 0.1011854 0.0994628 0.1306225 0.0750416 0.0685311 0.1434284 0.1067486 0.1140423 0.1151421 0.1023325 0.1071645 0.0648422 0.1037756 0.0877595 0.1081963 0.0979632 0.3528541 0.1655896 0.1642266 0.1441433 0.0381304 0.0506465 0.0902863 0.1459053 0.1217602 0.1054224 0.0009800 0.0414597 0.1527701 0.0080262 0.1428264 0.0916666 0.0880644 0.0403468 0.2879535 0.1420462 0.1177785 0.1590126 0.1621860 0.0902863 0.0613023 0.0721349 0.0918235 0.1637711 0.1108028 0.1140758 0.0472021 0.0392380 0.0890917 0.0528967 0.1704771 0.1033128 0.1071158 0.0917079 0.1601538 0.0448696 0.0415112 0.1637708 0.1099095 0.2979042 0.0850957 0.1021957 0.1318148 0.1284548 0.1242617 0.1097923 0.1627448 0.3571410 0.0600117 0.1050830 0.0880998 0.1706264 0.1619478 0.0090671 0.1323534 0.0622464 0.0934128 0.0685842 0.0909074 0.4649709 0.3345529 0.0711485 0.1068278 0.1203591 0.0437781 0.0495879 0.1449039 0.0701563 0.1402773 0.1667485 0.0646707 0.1756484 0.1190346 0.1081350 0.1597086 0.1747732 0.1723646 0.3408253 0.1550298 
XM_001100692_4_PREDICTED_Macaca_mulatta_RRAD_and_GEM_like_GTPase_2_REM2_mRNA_1                                                    0.1620491 0.0372115 0.1058387 0.1613642 0.0350952 0.1065468 0.0000000 0.3583727 0.0848095 0.1292813 0.0550995 0.0307970 0.0340821 0.1118034 0.1060751 0.3785293 0.1395343 0.1224548 0.3614969 0.1030641 0.0382756 0.0059337 0.0533011 0.1008426 0.1078045 0.0383258 0.1029032 0.1208846 0.0924669 0.0965419 0.1033068 0.1742453 0.1912736 0.1455307 0.1420592 0.1269978 0.2334745 0.1080319 0.1149538 0.1508196 0.1320352 0.1553054 0.1235576 0.0029568 0.1578068 0.0907268 0.1351138 0.1049214 0.1722146 0.2930385 0.1444622 0.1601616 0.1112864 0.1503987 0.0982080 0.1017380 0.0988197 0.1108562 0.1668593 0.1403712 0.0099607 0.0958498 0.4626834 0.0868164 0.0973675 0.1239268 0.0140796 0.1133703 0.1083726 0.1072757 0.1134924 0.0049408 0.2716523 0.0049408 0.0049408 0.0495147 0.0888393 0.0863763 0.1307501 0.0897923 0.1006715 0.1305962 0.1112487 0.1196507 0.0473508 0.1163297 0.0130635 0.0966833 0.1165372 0.1069338 0.1046386 0.1131045 0.3762967 0.1528894 0.1463383 0.1354010 0.0873973 0.1043162 0.1069071 0.0535882 0.1313758 0.0049408 0.1077904 0.0924464 0.1862515 0.1023975 0.1278457 0.1056249 0.1070612 0.0911913 0.3138144 0.1307229 0.1184892 0.1506631 0.1510493 0.1043730 0.0913260 0.0994219 0.1084139 0.1482878 0.0296950 0.0485792 0.1016872 0.0911751 0.1017371 0.1042698 0.1553011 0.1177257 0.0130583 0.1056723 0.1476377 0.0950374 0.0912468 0.1415236 0.1183519 0.3124544 0.0963593 0.1246118 0.1287171 0.1201383 0.1243199 0.1180602 0.1423148 0.3813425 0.0987049 0.1121838 0.1048645 0.1654787 0.1569457 0.1040152 0.1284559 0.0850224 0.1072410 0.0982430 0.1047001 0.4692158 0.3578306 0.0985105 0.0851122 0.1226190 0.0938391 0.1084694 0.1347485 0.0848159 0.1284044 0.1541824 0.0992250 0.1871554 0.1059879 0.0069412 0.1508462 0.1557967 0.1469456 0.3539837 0.1492707 
XM_007479801_2_PREDICTED_Monodelphis_domestica_RAS_RAD_and_GEM_like_GTP_binding_2_REM2_mRNA_1                                     0.3907514 0.3680639 0.3505322 0.3730476 0.3667711 0.3482770 0.3583727 0.0000000 0.3411166 0.3714886 0.3658316 0.3621737 0.3739854 0.3625187 0.3526307 0.4102783 0.3949019 0.3632970 0.1250885 0.3782285 0.3699795 0.3629532 0.3708740 0.3405903 0.3425187 0.3717171 0.3649462 0.3748027 0.3542571 0.3663851 0.3498448 0.3480375 0.3730566 0.3890673 0.3742507 0.3826912 0.5125732 0.3464178 0.3556415 0.4116011 0.3810193 0.3956196 0.3653200 0.3608442 0.3718991 0.3076886 0.4325424 0.3368433 0.4626104 0.6713603 0.3898141 0.3871716 0.3403243 0.3808908 0.3448891 0.3564422 0.3471859 0.3499742 0.3729777 0.3749003 0.3584107 0.3689376 0.9224084 0.3543437 0.3530153 0.3582463 0.3652221 0.3666845 0.3486873 0.3392646 0.3488375 0.3610466 0.8059029 0.3610466 0.3610466 0.3687977 0.3667501 0.3447086 0.3373460 0.3436570 0.3427976 0.3859075 0.3419641 0.3539114 0.3738372 0.3506737 0.3633108 0.3416940 0.3566585 0.3534624 0.3513951 0.3547293 0.1577663 0.3717169 0.3764755 0.3921058 0.3479800 0.3499002 0.3578701 0.4087383 0.3655861 0.3610466 0.3501667 0.3566430 0.4890637 0.3523270 0.3837667 0.3621402 0.3483699 0.3545312 0.0863238 0.3867434 0.3764932 0.3814699 0.3760921 0.3619938 0.3452859 0.3317529 0.3648609 0.3860737 0.3659664 0.3746486 0.3450156 0.3500740 0.3621127 0.3492438 0.3718417 0.3256408 0.3631069 0.3620601 0.3864253 0.3521995 0.3504675 0.3689794 0.3584193 0.0950044 0.3433231 0.3538703 0.3866791 0.3713880 0.3706577 0.3538298 0.3986137 0.4187771 0.3333906 0.3504335 0.3565720 0.3595654 0.4029789 0.3542592 0.3362965 0.2946324 0.3466859 0.3360751 0.3468421 0.1775753 0.0394051 0.3451728 0.3654362 0.3813380 0.3503128 0.3499532 0.3831014 0.3351374 0.3669381 0.4164829 0.3459039 0.3680511 0.3501280 0.3611308 0.4034904 0.4027870 0.3989297 0.1242877 0.3753468 
XM_023622024_1_PREDICTED_Equus_caballus_RRAD_and_GEM_like_GTPase_2_REM2_transcript_variant_X1_mRNA_1                              0.1413708 0.0850459 0.0592111 0.1436269 0.0851686 0.0725851 0.0848095 0.3411166 0.0000000 0.1025978 0.0889185 0.0875666 0.0853040 0.0752917 0.0863744 0.3525134 0.1230162 0.1193574 0.3517883 0.1023274 0.0862337 0.0824814 0.0987164 0.0578570 0.0617572 0.0849119 0.0586146 0.0971789 0.0544523 0.0448221 0.0863285 0.1503835 0.1625083 0.1390579 0.1373720 0.0965585 0.2143863 0.0664411 0.1063293 0.1523833 0.1187827 0.1534578 0.1157135 0.0812662 0.1088188 0.0534491 0.1106963 0.0660594 0.1346496 0.2451957 0.1445101 0.1475240 0.0771102 0.1414878 0.0577928 0.0572795 0.0548080 0.0561857 0.1421927 0.1217464 0.0847975 0.0926265 0.3383167 0.0798087 0.0557012 0.1032622 0.0840455 0.1130017 0.0615099 0.0671129 0.0792554 0.0813019 0.3791639 0.0813019 0.0813019 0.0915015 0.0778554 0.0816114 0.1193836 0.0049595 0.0577685 0.1122125 0.0770872 0.0828558 0.0891385 0.0767243 0.0828588 0.0564826 0.0808906 0.0597947 0.0771031 0.0693828 0.3466378 0.1393600 0.1385884 0.1274937 0.0498204 0.0628017 0.0584500 0.1171014 0.0898718 0.0813019 0.0737612 0.0498282 0.1377937 0.0687162 0.1187168 0.0584725 0.0603359 0.0486844 0.2888002 0.1123183 0.0867538 0.1362631 0.1380647 0.0584500 0.0516770 0.0589252 0.0585691 0.1325995 0.0837193 0.0880907 0.0605211 0.0486600 0.0584196 0.0651230 0.1432931 0.0776508 0.0828222 0.0584977 0.1359831 0.0568094 0.0486958 0.1397208 0.0816226 0.2943613 0.0525562 0.0754708 0.1050291 0.0966248 0.0956100 0.0842441 0.1396745 0.3487366 0.0562072 0.0804203 0.0605765 0.1534271 0.1522438 0.0701347 0.1183566 0.0523832 0.0653081 0.0578122 0.0629747 0.4628437 0.3326978 0.0579674 0.0805002 0.0942878 0.0556869 0.0677624 0.1162173 0.0029661 0.1256908 0.1505067 0.0553556 0.1644158 0.0863047 0.0814143 0.1474150 0.1531478 0.1409526 0.3405266 0.1416289 
XM_051822640_1_PREDICTED_Oryctolagus_cuniculus_RRAD_and_GEM_like_GTPase_2_LOC100344089_mRNA_1                                     0.1649057 0.1212680 0.1161813 0.1688852 0.1187991 0.1240729 0.1292813 0.3714886 0.1025978 0.0000000 0.1309175 0.1240638 0.1229352 0.1378948 0.1394837 0.3729855 0.1592191 0.1453631 0.3811988 0.1407555 0.1225549 0.1267435 0.1338142 0.1200908 0.1178524 0.1196774 0.1105192 0.1461848 0.1094182 0.1158285 0.1244572 0.1342481 0.1788294 0.1620211 0.1575326 0.1487992 0.2477143 0.1091752 0.1391315 0.1703123 0.1582881 0.1586080 0.1382090 0.1253895 0.1792930 0.1106794 0.1610214 0.1128195 0.1865603 0.3241558 0.1871743 0.1834336 0.1362985 0.1662878 0.1159997 0.1119380 0.1102586 0.1076828 0.1616366 0.1703047 0.1292692 0.1268820 0.4742785 0.1155220 0.1095486 0.1328497 0.1286510 0.1433459 0.1188414 0.1152688 0.1392066 0.1254476 0.4511273 0.1254476 0.1254476 0.1283174 0.1211970 0.1169189 0.1405143 0.1053555 0.1198732 0.1571580 0.1347451 0.1429532 0.1257823 0.1338835 0.1273469 0.1155936 0.1386930 0.1158377 0.1137508 0.1211926 0.3893954 0.1690900 0.1556403 0.1445004 0.1053106 0.1025334 0.1147163 0.1646157 0.1538379 0.1254476 0.1253780 0.1080387 0.2184094 0.1182511 0.1590810 0.1133758 0.1174609 0.1067156 0.3245630 0.1566087 0.1390156 0.1620663 0.1610844 0.1147163 0.1015855 0.1239859 0.1135751 0.1595322 0.1227813 0.1247051 0.1066200 0.1066293 0.1132106 0.1103092 0.1721412 0.1273361 0.1272877 0.1134286 0.1691251 0.1134246 0.1067168 0.1628177 0.1356788 0.3330942 0.1089372 0.1365393 0.1581031 0.1464962 0.1523828 0.1362364 0.1572689 0.3695213 0.1085097 0.1405302 0.1191771 0.1288558 0.1587451 0.1168005 0.1381592 0.1038876 0.1192470 0.1199773 0.1179018 0.5240863 0.3692313 0.1176369 0.1168825 0.1463899 0.1121643 0.1036755 0.1608716 0.1026452 0.1439847 0.1584839 0.1156472 0.1839337 0.1393629 0.1241589 0.1567154 0.1662354 0.1625595 0.3778421 0.1586438 
XM_035260095_1_PREDICTED_Callithrix_jacchus_RRAD_and_GEM_like_GTPase_2_REM2_transcript_variant_X1_mRNA_1                          0.1592084 0.0541437 0.1051186 0.1641844 0.0519472 0.1228686 0.0550995 0.3658316 0.0889185 0.1309175 0.0000000 0.0530487 0.0531607 0.1230745 0.1226480 0.3912624 0.1523443 0.1342280 0.3650842 0.1145711 0.0552497 0.0551569 0.0307639 0.1187671 0.1083176 0.0553242 0.1046675 0.1341661 0.1003551 0.1034523 0.1088343 0.1782595 0.2084936 0.1622344 0.1473712 0.1440113 0.2571298 0.1125161 0.1221717 0.1586530 0.1420419 0.1652747 0.1434381 0.0540301 0.1665752 0.1009387 0.1471989 0.1123227 0.1815663 0.2856704 0.1756813 0.1714474 0.1265704 0.1579393 0.1146537 0.1022689 0.1031253 0.1074218 0.1791416 0.1587270 0.0550898 0.1063391 0.4621226 0.0910171 0.1082579 0.1285879 0.0530798 0.1246391 0.1076618 0.1147141 0.1288113 0.0540529 0.3440094 0.0517888 0.0540529 0.0263175 0.0967395 0.0942287 0.1459034 0.0914433 0.1185564 0.1419314 0.1252611 0.1244128 0.0232268 0.1194982 0.0519764 0.1117821 0.1318109 0.1048033 0.1078211 0.1137174 0.3807501 0.1572854 0.1502950 0.1418578 0.0938879 0.1140220 0.1061517 0.0909214 0.1441760 0.0540529 0.1241490 0.1016102 0.2083677 0.1185338 0.1405405 0.1074133 0.1051255 0.1003297 0.3279189 0.1420738 0.1273895 0.1587810 0.1591979 0.1087057 0.1099568 0.1145834 0.1102278 0.1524350 0.0495666 0.0253644 0.1113265 0.0951520 0.1086511 0.1139712 0.1609863 0.1322415 0.0519545 0.1074618 0.1558043 0.1016511 0.0952274 0.1537177 0.1256552 0.3356164 0.1006358 0.1292780 0.1449482 0.1359292 0.1378673 0.1249448 0.1556186 0.3952459 0.1110093 0.1300858 0.1062851 0.1693627 0.1655731 0.1202542 0.1435618 0.1063466 0.1052200 0.1160438 0.1026765 0.4781026 0.3647125 0.1163637 0.0954787 0.1343231 0.1004379 0.1119854 0.1461903 0.0888727 0.1461436 0.1602573 0.1144220 0.1997554 0.1225456 0.0541252 0.1635935 0.1739767 0.1487874 0.3594187 0.1491904 
XM_002824566_3_PREDICTED_Pongo_abelii_RRAD_and_GEM_like_GTPase_2_REM2_mRNA_1                                                      0.1597590 0.0191100 0.1047312 0.1649282 0.0170745 0.1162303 0.0307970 0.3621737 0.0875666 0.1240638 0.0530487 0.0000000 0.0224285 0.1097359 0.1079074 0.3687193 0.1473338 0.1325423 0.3619732 0.1084935 0.0201318 0.0308283 0.0501703 0.1075494 0.1079154 0.0201575 0.1033059 0.1228591 0.0979111 0.1007821 0.1076508 0.1819217 0.1997692 0.1505094 0.1537617 0.1313200 0.2377546 0.1072305 0.1130760 0.1625780 0.1353945 0.1647170 0.1243154 0.0297647 0.1594152 0.0940706 0.1459448 0.1031414 0.1736944 0.2908459 0.1547449 0.1666613 0.1222969 0.1596536 0.1037068 0.1021358 0.1017725 0.1112956 0.1729766 0.1496234 0.0329160 0.0936580 0.4502482 0.0847196 0.1028732 0.1271808 0.0298877 0.1192701 0.1072637 0.1055067 0.1219255 0.0297759 0.2948485 0.0297759 0.0297759 0.0474677 0.0915885 0.0891055 0.1366314 0.0925958 0.1073639 0.1339379 0.1222538 0.1187861 0.0453030 0.1153597 0.0288340 0.1021477 0.1223127 0.1058155 0.1050460 0.1132224 0.3834690 0.1561781 0.1495030 0.1458067 0.0927666 0.1073658 0.1073284 0.0700905 0.1348327 0.0297759 0.1174976 0.0978899 0.1944357 0.1079721 0.1339110 0.1060404 0.1059534 0.0966170 0.3199051 0.1340703 0.1229890 0.1538648 0.1602765 0.1073284 0.0991921 0.1060970 0.1088428 0.1529758 0.0181942 0.0465259 0.1047094 0.0965997 0.1046668 0.1073179 0.1588006 0.1208982 0.0288222 0.1060883 0.1508116 0.1005217 0.0966764 0.1547936 0.1175661 0.3227507 0.0992909 0.1250401 0.1361635 0.1273351 0.1312627 0.1198338 0.1540076 0.3676125 0.0990863 0.1257907 0.1049714 0.1730155 0.1664012 0.1096286 0.1343197 0.0917806 0.1073507 0.1049047 0.1048066 0.4606214 0.3613286 0.1051916 0.0853346 0.1298449 0.0993090 0.1103308 0.1381348 0.0900212 0.1343969 0.1662046 0.1047263 0.2035093 0.1078182 0.0319429 0.1630432 0.1707349 0.1496707 0.3544419 0.1497220 
XM_003260595_2_PREDICTED_Nomascus_leucogenys_RRAD_and_GEM_like_GTPase_2_REM2_mRNA_1                                               0.1625072 0.0245021 0.1049006 0.1690873 0.0224287 0.1151654 0.0340821 0.3739854 0.0853040 0.1229352 0.0531607 0.0224285 0.0000000 0.1123295 0.1068379 0.3757562 0.1442662 0.1291234 0.3689309 0.1085250 0.0255435 0.0341169 0.0548640 0.1092276 0.1081934 0.0266153 0.0981844 0.1245469 0.0995430 0.1010456 0.1093317 0.1824941 0.2001871 0.1544841 0.1570505 0.1373631 0.2404877 0.1049946 0.1140913 0.1590326 0.1379047 0.1578431 0.1242232 0.0330431 0.1567143 0.0941143 0.1477665 0.1042838 0.1727309 0.3019904 0.1567090 0.1669319 0.1248962 0.1575709 0.1039781 0.0970235 0.0966798 0.1060814 0.1722342 0.1482880 0.0351605 0.0926632 0.4414435 0.0824725 0.0993764 0.1282732 0.0331803 0.1177594 0.1074368 0.1066478 0.1271280 0.0330567 0.2987004 0.0330567 0.0330567 0.0543630 0.0917392 0.0918634 0.1355635 0.0876142 0.1090381 0.1364420 0.1265814 0.1189817 0.0521686 0.1143010 0.0321178 0.1024147 0.1266420 0.1059881 0.1061898 0.1135130 0.3906541 0.1588209 0.1519893 0.1450365 0.0918039 0.1022041 0.1009424 0.0741980 0.1274200 0.0330567 0.1164326 0.0969293 0.2009049 0.1095510 0.1351340 0.1008833 0.1061245 0.0956558 0.3259232 0.1365774 0.1233834 0.1565862 0.1580489 0.1009424 0.0968896 0.1077647 0.1036473 0.1556821 0.0059678 0.0534284 0.1011891 0.0930675 0.0983178 0.1037861 0.1629180 0.1210961 0.0321045 0.1009286 0.1535189 0.0995616 0.0931413 0.1541128 0.1159826 0.3352013 0.0942216 0.1239740 0.1324894 0.1277433 0.1372535 0.1237057 0.1503565 0.3749832 0.1004935 0.1283953 0.1052426 0.1749647 0.1594914 0.1112199 0.1332504 0.0936055 0.1062524 0.1065669 0.1050771 0.4939518 0.3689195 0.1068593 0.0880627 0.1302596 0.0983479 0.1079554 0.1378713 0.0877521 0.1333114 0.1624027 0.1049994 0.2063344 0.1094120 0.0352469 0.1581877 0.1661159 0.1542695 0.3754182 0.1524303 
XM_021099265_1_PREDICTED_Sus_scrofa_RRAD_and_GEM_like_GTPase_2_REM2_transcript_variant_X1_mRNA_1                                  0.1755322 0.1122489 0.0664730 0.1744709 0.1097823 0.1030281 0.1118034 0.3625187 0.0752917 0.1378948 0.1230745 0.1097359 0.1123295 0.0000000 0.1136478 0.3886039 0.1428375 0.1495132 0.3784810 0.1201117 0.1134965 0.1093727 0.1216152 0.0876445 0.0704570 0.1119998 0.0599350 0.1181972 0.0789451 0.0793747 0.1103997 0.1902059 0.1839508 0.1666299 0.1623132 0.1182868 0.2149858 0.0954706 0.1282991 0.1854442 0.1521799 0.1800842 0.1346932 0.1080869 0.1177749 0.0578372 0.1560010 0.0736699 0.1396876 0.2690309 0.1733482 0.1624325 0.1021713 0.1741076 0.0850726 0.0597169 0.0549077 0.0668258 0.1534795 0.1412385 0.1118448 0.1153309 0.4283327 0.1120120 0.0867314 0.1325300 0.1151752 0.1250715 0.0688162 0.0759370 0.1018614 0.1081355 0.4018570 0.1081355 0.1081355 0.1139749 0.0986971 0.0983601 0.1349381 0.0778139 0.0874990 0.1466784 0.1021374 0.1224218 0.1101736 0.0975139 0.1139215 0.0836069 0.1087950 0.0659807 0.1111960 0.0777233 0.3707019 0.1772195 0.1683452 0.1605763 0.0778567 0.0914092 0.0644808 0.1420759 0.0925816 0.1081355 0.1017219 0.0790590 0.1775058 0.0975845 0.1536449 0.0597892 0.0676169 0.0778320 0.3271095 0.1453075 0.1185716 0.1656804 0.1671596 0.0644808 0.0869794 0.0887929 0.0611053 0.1589022 0.1079436 0.1117581 0.0891558 0.0790839 0.0644474 0.0942802 0.1680985 0.1029775 0.1138700 0.0598150 0.1621872 0.0853743 0.0791454 0.1692818 0.1071914 0.3268549 0.0526519 0.0974428 0.1232968 0.1251294 0.1242038 0.1148748 0.1723713 0.3754547 0.0868865 0.1056166 0.0678106 0.1856569 0.1774190 0.0991787 0.1326149 0.0719001 0.0762100 0.0875696 0.0738181 0.4855989 0.3517069 0.0878090 0.0973012 0.1240654 0.0841885 0.0996848 0.1481451 0.0753283 0.1453564 0.1792335 0.0836441 0.1898854 0.1148163 0.1052843 0.1821814 0.1800361 0.1860147 0.3670523 0.1672886 
XM_003420937_2_PREDICTED_Loxodonta_africana_RRAD_and_GEM_like_GTPase_2_REM2_transcript_variant_X1_mRNA_1                          0.1725211 0.1090984 0.0945604 0.1730872 0.1092618 0.1178487 0.1060751 0.3526307 0.0863744 0.1394837 0.1226480 0.1079074 0.1068379 0.1136478 0.0000000 0.3866356 0.1659128 0.1363388 0.3636746 0.1299570 0.1103605 0.1036240 0.1238625 0.1106018 0.0999831 0.1115160 0.1048576 0.0601233 0.1029400 0.0999397 0.0933437 0.1956230 0.1843729 0.1771032 0.1592197 0.1410895 0.1586780 0.1066821 0.1439013 0.1695591 0.1652839 0.1664617 0.1453263 0.1023305 0.1495989 0.0869894 0.1639251 0.1118512 0.1761588 0.3062820 0.1073329 0.1117054 0.1195710 0.1626884 0.1078347 0.1031915 0.0988646 0.1019550 0.1697619 0.0895505 0.1034321 0.1100220 0.4589470 0.1127576 0.1018079 0.1301866 0.1067730 0.1415926 0.0971034 0.1129496 0.1218390 0.1023771 0.4248479 0.1023771 0.1023771 0.1174899 0.1134571 0.1105106 0.1475639 0.0864214 0.1104052 0.1550838 0.1168225 0.1295350 0.1123368 0.1140793 0.1055148 0.1088270 0.1287532 0.0955539 0.1159015 0.1024823 0.3575576 0.1692366 0.1624077 0.1483439 0.1002830 0.1059805 0.1045468 0.1395391 0.1340153 0.1023771 0.1191478 0.1015633 0.2045199 0.1134707 0.1652037 0.1045883 0.0957913 0.1002543 0.3042870 0.1580979 0.1267015 0.1599135 0.1574286 0.1045468 0.0993833 0.1144409 0.1047704 0.1583106 0.1024353 0.1112607 0.1001141 0.1015922 0.1044930 0.1056103 0.1710333 0.1162810 0.1054665 0.1046364 0.1625356 0.1016183 0.1016752 0.1524886 0.1228296 0.3141707 0.0963459 0.1184335 0.1362231 0.1270958 0.1346676 0.1043708 0.1517029 0.3803124 0.1030902 0.1231209 0.0987454 0.1968367 0.1681927 0.1151986 0.1481410 0.0954551 0.0998040 0.1104996 0.0972366 0.5100759 0.3444091 0.1108095 0.1101894 0.1322142 0.1029766 0.1144348 0.1594670 0.0851305 0.1525372 0.1632109 0.1075606 0.1892940 0.0019768 0.1008524 0.1617840 0.1653597 0.1712664 0.3585775 0.1656535 
XM_029077766_2_PREDICTED_Ornithorhynchus_anatinus_RRAD_and_GEM_like_GTPase_2_REM2_mRNA_1                                          0.4252514 0.3688427 0.3629067 0.4241090 0.3630350 0.3632911 0.3785293 0.4102783 0.3525134 0.3729855 0.3912624 0.3687193 0.3757562 0.3886039 0.3866356 0.0000000 0.4394001 0.4075444 0.3742155 0.4024858 0.3688412 0.3746074 0.3857249 0.3728554 0.3577637 0.3607375 0.3758241 0.3997615 0.3796608 0.3800398 0.3739115 0.3802582 0.3779048 0.4654101 0.4473265 0.4129301 0.5589640 0.3797935 0.4169421 0.4317388 0.4167904 0.4261463 0.4125267 0.3723120 0.4033185 0.2822371 0.4705472 0.3637225 0.4979135 0.7380529 0.4411045 0.3905039 0.4017578 0.4295590 0.3676452 0.3754332 0.3641378 0.3759517 0.3867966 0.4034513 0.3741058 0.3745741 1.0775014 0.3772658 0.3587966 0.4261113 0.3810169 0.3986456 0.3652927 0.3625685 0.4032961 0.3725370 0.9456112 0.3698888 0.3677832 0.3638924 0.3683870 0.3769023 0.4055194 0.3495256 0.3720393 0.4219214 0.4081344 0.4278149 0.3652914 0.3923739 0.3789276 0.3640656 0.4055271 0.3682809 0.3834481 0.3783036 0.4274077 0.4344829 0.4395280 0.4169891 0.3745630 0.3763631 0.3862013 0.3761125 0.3945654 0.3725370 0.3653491 0.3705654 0.5398345 0.3636180 0.4245366 0.3812184 0.3649420 0.3682618 0.3666546 0.4202128 0.3985598 0.4309467 0.4298455 0.3862013 0.3810799 0.3768621 0.3842061 0.4255878 0.3703587 0.3661290 0.3731199 0.3790422 0.3860160 0.3840621 0.4273054 0.3901096 0.3786977 0.3814493 0.4228413 0.3848509 0.3795094 0.4308977 0.3744792 0.3696586 0.3666364 0.3989539 0.4306457 0.4184534 0.4284073 0.3629901 0.4234834 0.0383568 0.3719307 0.4054168 0.3641067 0.3735420 0.4293252 0.3642359 0.4038264 0.2970531 0.3710183 0.3702000 0.3664754 0.5595094 0.4178692 0.3669774 0.3850762 0.4033190 0.3760138 0.3976102 0.4247130 0.3503103 0.3721768 0.4196309 0.3687166 0.4102596 0.3887617 0.3752971 0.4301312 0.4367596 0.4232251 0.3919901 0.4257975 
XM_023567007_1_PREDICTED_Cavia_porcellus_RRAD_and_GEM_like_GTPase_2_Rem2_transcript_variant_X2_mRNA_1                             0.1792466 0.1482386 0.1452443 0.1783681 0.1499330 0.1568321 0.1395343 0.3949019 0.1230162 0.1592191 0.1523443 0.1473338 0.1442662 0.1428375 0.1659128 0.4394001 0.0000000 0.1571445 0.4082962 0.1539235 0.1495737 0.1381868 0.1678326 0.1503535 0.1513882 0.1551196 0.1319250 0.1792562 0.1404198 0.1374830 0.1576137 0.2082724 0.2324771 0.0965319 0.1648029 0.1698989 0.2699662 0.1538587 0.0850004 0.1851438 0.1605971 0.1752582 0.0829327 0.1383143 0.2137503 0.1355973 0.1969818 0.1475506 0.2223555 0.3467474 0.2046383 0.2098428 0.1611275 0.1765522 0.1410279 0.1337108 0.1331339 0.1379330 0.1976404 0.1886976 0.1410725 0.1614952 0.4959577 0.1340421 0.1465332 0.1376360 0.1486910 0.0882110 0.1465676 0.1500921 0.1622303 0.1355779 0.4460803 0.1383785 0.1383785 0.1619580 0.1523893 0.1467722 0.1427552 0.1272359 0.1500310 0.1556078 0.1567843 0.1613017 0.1619187 0.1561879 0.1473545 0.1426492 0.1631374 0.1468336 0.1169162 0.1566849 0.4434825 0.1750052 0.1734482 0.1557437 0.1377789 0.1459020 0.1352928 0.1859552 0.1743294 0.1368755 0.1582142 0.1420378 0.2542396 0.1548234 0.1558249 0.1348922 0.1465723 0.1406218 0.3713345 0.1577141 0.1705288 0.1728662 0.1712108 0.1352928 0.1431676 0.1486380 0.1336946 0.1674331 0.1394226 0.1594843 0.1468076 0.1391876 0.1352254 0.1534371 0.1763044 0.1710180 0.1472856 0.1321583 0.1755774 0.1464896 0.1393071 0.1629536 0.1458352 0.3615217 0.1304758 0.1575094 0.1718943 0.1720276 0.1741518 0.1610162 0.1635318 0.4474665 0.1444774 0.1634953 0.1485830 0.2068126 0.1770102 0.1552958 0.1417222 0.1340751 0.1482800 0.1473440 0.1454792 0.4929038 0.3944765 0.1518534 0.1467920 0.1765550 0.1451578 0.1525094 0.1590594 0.1244071 0.1678322 0.1757479 0.1455138 0.2371273 0.1658767 0.1385785 0.1770806 0.1795339 0.1771695 0.4093267 0.1747134 
XM_027390645_2_PREDICTED_Cricetulus_griseus_RRAD_and_GEM_like_GTPase_2_Rem2_transcript_variant_X2_mRNA_1                          0.0790078 0.1295703 0.1262136 0.0882683 0.1297679 0.1311489 0.1224548 0.3632970 0.1193574 0.1453631 0.1342280 0.1325423 0.1291234 0.1495132 0.1363388 0.4075444 0.1571445 0.0000000 0.3585945 0.1466882 0.1308874 0.1199137 0.1379910 0.1281146 0.1313079 0.1321595 0.1209720 0.1605568 0.1296104 0.1250051 0.1411080 0.1792300 0.2035128 0.1684904 0.1331655 0.1661507 0.2675357 0.1398504 0.1282537 0.0552480 0.1489596 0.0546984 0.1489712 0.1212382 0.1840973 0.1177574 0.1871495 0.1442200 0.2104335 0.3411906 0.2007030 0.1763462 0.1517707 0.0627903 0.1294621 0.1297089 0.1292221 0.1279510 0.1838109 0.1725308 0.1210331 0.1499473 0.5539254 0.1288045 0.1296931 0.0820710 0.1231905 0.1279169 0.1289620 0.1467916 0.1541450 0.1212937 0.4641550 0.1212937 0.1212937 0.1330967 0.1373127 0.1371219 0.1335697 0.1222197 0.1278747 0.1466964 0.1489131 0.1534177 0.1277605 0.1593549 0.1218837 0.1249462 0.1407990 0.1260532 0.1085769 0.1315145 0.3637804 0.0775138 0.0728815 0.0686637 0.1253682 0.1337138 0.1240732 0.1355173 0.1571094 0.1212937 0.1324832 0.1309203 0.2339253 0.1299994 0.1471209 0.1239229 0.1275319 0.1295163 0.3144196 0.1433100 0.1587796 0.0855656 0.0565536 0.1268015 0.1230057 0.1265094 0.1241434 0.0739428 0.1290985 0.1294043 0.1357645 0.1267621 0.1240096 0.1399052 0.0880668 0.1466243 0.1191391 0.1239814 0.0829420 0.1311834 0.1268706 0.0479359 0.1377461 0.3208752 0.1265277 0.1576299 0.1676779 0.1522182 0.1727928 0.1507908 0.0503153 0.4153713 0.1253359 0.1555260 0.1280238 0.1859326 0.0536292 0.1318477 0.1324809 0.1117426 0.1249158 0.1278636 0.1236606 0.4949851 0.3571881 0.1283561 0.1395008 0.1634461 0.1298651 0.1396071 0.1475396 0.1179637 0.1548958 0.0586121 0.1277559 0.2209354 0.1362199 0.1214703 0.0598225 0.0983944 0.0471032 0.3638523 0.0868195 
XM_031955028_1_PREDICTED_Sarcophilus_harrisii_RRAD_and_GEM_like_GTPase_2_REM2_mRNA_1                                              0.4031226 0.3722741 0.3622208 0.3865623 0.3751388 0.3419908 0.3614969 0.1250885 0.3517883 0.3811988 0.3650842 0.3619732 0.3689309 0.3784810 0.3636746 0.3742155 0.4082962 0.3585945 0.0000000 0.3694235 0.3722724 0.3661035 0.3738487 0.3456506 0.3639994 0.3754537 0.3733311 0.3791233 0.3485088 0.3747633 0.3511802 0.3452535 0.3652495 0.3999913 0.3826716 0.3853303 0.5353274 0.3365390 0.3576719 0.3853539 0.3739478 0.3765379 0.3584164 0.3639830 0.4021384 0.2971117 0.4181036 0.3559940 0.4837128 0.6885789 0.3936698 0.3895514 0.3684164 0.3669801 0.3519248 0.3646765 0.3682905 0.3678617 0.3454215 0.3615309 0.3615362 0.3422198 0.9567302 0.3361618 0.3370206 0.3565617 0.3636810 0.3620975 0.3603470 0.3584934 0.3627029 0.3617438 0.8391388 0.3641877 0.3641877 0.3578113 0.3644579 0.3496156 0.3334354 0.3508511 0.3457724 0.3706847 0.3743565 0.3677634 0.3627685 0.3870351 0.3617702 0.3446728 0.3810643 0.3653275 0.3443279 0.3833603 0.1721926 0.3942774 0.3856267 0.3695661 0.3422891 0.3399136 0.3751120 0.4032945 0.3875234 0.3641877 0.3438700 0.3489372 0.5080724 0.3422802 0.3744691 0.3746741 0.3600200 0.3468499 0.0863989 0.3704520 0.3886984 0.3845155 0.3628919 0.3751120 0.3557212 0.3386657 0.3732438 0.4022179 0.3685022 0.3635511 0.3390763 0.3443635 0.3689636 0.3494498 0.3920170 0.3538968 0.3615670 0.3748876 0.3943301 0.3464658 0.3428639 0.3642955 0.3613640 0.1030964 0.3617702 0.3846788 0.3880295 0.3854887 0.3831864 0.3473544 0.3832874 0.3863150 0.3421355 0.3687148 0.3722785 0.3522540 0.3793648 0.3479097 0.3347097 0.2953878 0.3721842 0.3430188 0.3678920 0.1899162 0.1185694 0.3481521 0.3732703 0.3888864 0.3445947 0.3413246 0.3691782 0.3475701 0.3627408 0.3917948 0.3488895 0.3824061 0.3652720 0.3667290 0.3841652 0.3978109 0.3874552 0.0312462 0.3922929 
XM_003801909_3_PREDICTED_Otolemur_garnettii_RRAD_and_GEM_like_GTPase_2_REM2_mRNA_1                                                0.1764609 0.1070444 0.1176484 0.1733849 0.1072020 0.1260510 0.1030641 0.3782285 0.1023274 0.1407555 0.1145711 0.1084935 0.1085250 0.1201117 0.1299570 0.4024858 0.1539235 0.1466882 0.3694235 0.0000000 0.1082826 0.1031780 0.1183410 0.1189022 0.1194131 0.1124642 0.1165274 0.1340307 0.1110373 0.1145315 0.1268321 0.1979305 0.2055043 0.1624576 0.1709357 0.1281755 0.2556352 0.1279593 0.1282125 0.1799649 0.1417611 0.1722753 0.1388876 0.1019039 0.1786035 0.1132277 0.1484061 0.1302048 0.1939683 0.3165419 0.1727310 0.1679921 0.1281846 0.1640956 0.1174356 0.1164518 0.1147913 0.1151572 0.1828351 0.1526801 0.1017701 0.1109030 0.4745777 0.1037345 0.1121599 0.1340473 0.1048930 0.1322853 0.1202705 0.1326740 0.1279099 0.0993734 0.3847475 0.1019496 0.1019496 0.1108003 0.0740144 0.0664399 0.1408060 0.1050994 0.1200253 0.1409591 0.1253433 0.1362929 0.1058223 0.1204048 0.1036571 0.1131554 0.1224738 0.1173209 0.1154386 0.1326665 0.3841262 0.1715676 0.1705490 0.1595379 0.1071174 0.1219199 0.1135126 0.1399886 0.1489169 0.1019496 0.1273550 0.1110835 0.2083349 0.1257844 0.1431902 0.1179982 0.1189092 0.1097618 0.3239653 0.1391968 0.1227501 0.1614570 0.1631907 0.1135126 0.1113482 0.1187110 0.1182029 0.1676469 0.1041783 0.1031552 0.1212677 0.1084324 0.1152749 0.1179270 0.1700064 0.1243826 0.1036104 0.1153549 0.1598175 0.1152110 0.1085210 0.1654118 0.1310623 0.3276764 0.1122257 0.1189197 0.1314706 0.1243451 0.1300403 0.1273493 0.1619597 0.3972125 0.1151290 0.1291984 0.1221593 0.1931824 0.1710405 0.1261525 0.1425110 0.1095877 0.1248436 0.1201287 0.1248897 0.5022491 0.3787579 0.1163584 0.0754167 0.1287362 0.1139550 0.1258342 0.1432922 0.1011169 0.1590904 0.1699144 0.1158320 0.2144008 0.1298476 0.1020929 0.1726583 0.1772619 0.1692815 0.3691557 0.1653524 
XM_008960213_2_PREDICTED_Pan_paniscus_RRAD_and_GEM_like_GTPase_2_REM2_transcript_variant_X1_mRNA_1                                0.1553668 0.0009794 0.0982026 0.1617876 0.0049382 0.1143898 0.0382756 0.3699795 0.0862337 0.1225549 0.0552497 0.0201318 0.0255435 0.1134965 0.1103605 0.3688412 0.1495737 0.1308874 0.3722724 0.1082826 0.0000000 0.0361639 0.0524105 0.1062937 0.1061612 0.0135925 0.1019039 0.1254977 0.1016953 0.1006058 0.1101799 0.1830701 0.2027396 0.1544446 0.1578226 0.1310479 0.2390800 0.1057986 0.1192365 0.1580009 0.1350626 0.1629020 0.1346913 0.0350882 0.1606319 0.0878513 0.1533545 0.1028829 0.1716149 0.2900370 0.1616728 0.1663105 0.1194697 0.1580286 0.1023608 0.1007375 0.1003799 0.1046350 0.1706706 0.1524694 0.0414088 0.1011856 0.4360538 0.0871164 0.0989348 0.1281999 0.0330879 0.1202930 0.0982174 0.1052421 0.1216929 0.0351027 0.2934558 0.0351027 0.0351027 0.0519347 0.0913706 0.0927345 0.1378443 0.0900565 0.1073943 0.1350808 0.1168416 0.1104763 0.0497550 0.1139059 0.0341710 0.1008098 0.1181811 0.0992117 0.1073437 0.1144218 0.3879193 0.1545274 0.1507414 0.1456365 0.0927348 0.1059316 0.1033107 0.0725832 0.1330765 0.0351027 0.1156483 0.0990787 0.1910714 0.1088170 0.1363410 0.1046259 0.0994101 0.0978042 0.3275916 0.1352145 0.1174898 0.1494373 0.1586561 0.1033107 0.0953220 0.1086793 0.1048042 0.1513869 0.0222998 0.0487384 0.1032864 0.0965656 0.1032586 0.1058843 0.1584999 0.1180559 0.0341569 0.1020799 0.1464165 0.1004853 0.0992341 0.1560339 0.1094206 0.3345030 0.0979072 0.1235440 0.1304845 0.1245406 0.1297049 0.1263891 0.1508587 0.3680501 0.1002625 0.1229492 0.1032441 0.1741621 0.1645759 0.1104721 0.1355332 0.0915518 0.1059461 0.1074835 0.1034117 0.4659906 0.3649918 0.1052221 0.0902566 0.1242650 0.0992733 0.1114748 0.1392806 0.0886802 0.1368927 0.1614605 0.1030477 0.2099105 0.1102693 0.0372987 0.1612395 0.1689474 0.1528530 0.3684560 0.1453286 
